12658 0.0014
12660 0.0015
12661 0.0016
12663 0.0010
12665 0.0006
12666 0.0022
12668 0.0054
12669 0.0080
12671 0.0089
12673 0.0078
12674 0.0053
12676 0.0026
12677 0.0006
12679 -0.0005
12681 -0.0009
12682 -0.0012
12684 -0.0019
12686 -0.0032
12687 -0.0046
12689 -0.0052
12690 -0.0046
12692 -0.0030
12694 -0.0012
12695 -0.0003
12697 0.0000
12698 0.0002
12700 0.0013
12702 0.0033
12703 0.0047
12705 0.0042
12706 0.0014
12708 -0.0024
12710 -0.0052
12711 -0.0057
12713 -0.0040
12715 -0.0017
12716 -0.0011
12718 -0.0028
12719 -0.0057
12721 -0.0087
12723 -0.0104
12724 -0.0106
12726 -0.0098
12728 -0.0081
12729 -0.0056
12731 -0.0028
12732 -0.0001
12734 0.0022
12736 0.0039
12737 0.0042
12739 0.0027
12740 -0.0002
12742 -0.0034
12744 -0.0055
12745 -0.0056
12747 -0.0034
12749 0.0000
12750 0.0032
12752 0.0051
12753 0.0058
12755 0.0055
12757 0.0049
12758 0.0040
12760 0.0025
12762 0.0009
12763 -0.0004
12765 -0.0013
12767 -0.0018
12768 -0.0020
12770 -0.0016
12771 -0.0003
12773 0.0021
12775 0.0046
12776 0.0062
12778 0.0060
12780 0.0044
12781 0.0026
12783 0.0015
12784 0.0008
12786 -0.0001
12788 -0.0020
12789 -0.0045
12791 -0.0056
12793 -0.0049
12794 -0.0032
12796 -0.0021
12798 -0.0028
12799 -0.0048
12801 -0.0059
12802 -0.0045
12804 -0.0003
12806 0.0051
12807 0.0092
12809 0.0105
12811 0.0091
12812 0.0063
12814 0.0038
12816 0.0022
12817 0.0015
12819 0.0015
12821 0.0015
12822 0.0014
12824 0.0007
12825 -0.0010
12827 -0.0034
12829 -0.0057
12830 -0.0072
12832 -0.0077
12834 -0.0074
12835 -0.0071
12837 -0.0070
12839 -0.0067
12840 -0.0062
12842 -0.0054
12844 -0.0051
12845 -0.0062
12847 -0.0080
12849 -0.0096
12850 -0.0097
12852 -0.0077
12853 -0.0043
12855 -0.0012
12857 0.0010
12858 0.0019
12860 0.0020
12862 0.0019
12863 0.0018
12865 0.0018
12867 0.0029
12868 0.0052
12870 0.0079
12872 0.0096
12873 0.0084
12875 0.0043
12877 -0.0010
12878 -0.0050
12880 -0.0054
12882 -0.0023
12883 0.0026
12885 0.0067
12887 0.0083
12888 0.0067
12890 0.0026
12892 -0.0024
12893 -0.0065
12895 -0.0080
12897 -0.0065
12898 -0.0030
12900 0.0007
12902 0.0030
12903 0.0030
12905 0.0008
12907 -0.0025
12908 -0.0057
12910 -0.0077
12912 -0.0082
12913 -0.0075
12915 -0.0066
12917 -0.0064
12918 -0.0074
12920 -0.0089
12922 -0.0089
12923 -0.0063
12925 -0.0016
12927 0.0041
12928 0.0089
12930 0.0117
12932 0.0129
12933 0.0129
12935 0.0119
12937 0.0101
12938 0.0075
12940 0.0047
12942 0.0027
12943 0.0014
12945 0.0006
12947 0.0004
12948 0.0008
12950 0.0023
12952 0.0051
12953 0.0078
12955 0.0094
12957 0.0097
12958 0.0091
12960 0.0087
12962 0.0088
12963 0.0088
12965 0.0077
12967 0.0046
12968 0.0000
12970 -0.0046
12972 -0.0076
12974 -0.0086
12975 -0.0077
12977 -0.0061
12979 -0.0050
12980 -0.0051
12982 -0.0060
12984 -0.0064
12985 -0.0054
12987 -0.0028
12989 0.0001
12990 0.0016
12992 0.0012
12994 -0.0007
12995 -0.0026
12997 -0.0034
12999 -0.0035
13001 -0.0040
13002 -0.0046
13004 -0.0054
13006 -0.0051
13007 -0.0036
13009 -0.0024
13011 -0.0022
13012 -0.0027
13014 -0.0030
13016 -0.0023
13017 -0.0008
13019 -0.0001
13021 -0.0010
13023 -0.0030
13024 -0.0057
13026 -0.0081
13028 -0.0103
13029 -0.0124
13031 -0.0135
13033 -0.0123
13034 -0.0091
13036 -0.0049
13038 -0.0016
13040 -0.0007
13041 -0.0010
13043 -0.0008
13045 0.0006
13046 0.0029
13048 0.0046
13050 0.0044
13051 0.0033
13053 0.0022
13055 0.0013
13057 0.0005
13058 -0.0007
13060 -0.0019
13062 -0.0013
13063 0.0011
13065 0.0043
13067 0.0070
13068 0.0080
13070 0.0073
13072 0.0061
13074 0.0045
13075 0.0023
13077 -0.0008
13079 -0.0049
13080 -0.0085
13082 -0.0100
13084 -0.0097
13086 -0.0086
13087 -0.0081
13089 -0.0090
13091 -0.0104
13092 -0.0108
13094 -0.0092
13096 -0.0053
13098 -0.0009
13099 0.0022
13101 0.0031
13103 0.0016
13104 -0.0010
13106 -0.0034
13108 -0.0044
13110 -0.0038
13111 -0.0025
13113 -0.0012
13115 -0.0006
13116 -0.0008
13118 -0.0015
13120 -0.0020
13122 -0.0016
13123 -0.0001
13125 0.0020
13127 0.0036
13129 0.0038
13130 0.0027
13132 0.0011
13134 0.0007
13135 0.0022
13137 0.0045
13139 0.0059
13141 0.0056
13142 0.0035
13144 0.0013
13146 0.0002
13148 0.0000
13149 0.0005
13151 0.0013
13153 0.0025
13154 0.0046
13156 0.0070
13158 0.0082
13160 0.0073
13161 0.0040
13163 -0.0005
13165 -0.0040
13167 -0.0053
13168 -0.0045
13170 -0.0021
13172 0.0006
13173 0.0033
13175 0.0055
13177 0.0063
13179 0.0054
13180 0.0030
13182 -0.0002
13184 -0.0024
13186 -0.0029
13187 -0.0019
13189 -0.0005
13191 0.0005
13193 0.0008
13194 0.0013
13196 0.0028
13198 0.0058
13200 0.0092
13201 0.0109
13203 0.0096
13205 0.0051
13207 -0.0011
13208 -0.0066
13210 -0.0095
13212 -0.0092
13214 -0.0066
13215 -0.0032
13217 -0.0001
13219 0.0028
13221 0.0049
13222 0.0061
13224 0.0068
13226 0.0070
13228 0.0077
13229 0.0091
13231 0.0103
13233 0.0104
13235 0.0092
13236 0.0068
13238 0.0048
13240 0.0038
13242 0.0032
13243 0.0024
13245 0.0012
13247 0.0003
13249 0.0015
13250 0.0049
13252 0.0089
13254 0.0114
13256 0.0109
13257 0.0079
13259 0.0050
13261 0.0036
13263 0.0038
13264 0.0047
13266 0.0050
13268 0.0047
13270 0.0045
13271 0.0052
13273 0.0069
13275 0.0089
13277 0.0103
13278 0.0103
13280 0.0088
13282 0.0056
13284 0.0015
13286 -0.0020
13287 -0.0036
13289 -0.0026
13291 0.0000
13293 0.0026
13294 0.0036
13296 0.0029
13298 0.0010
13300 -0.0002
13301 -0.0002
13303 0.0008
13305 0.0021
13307 0.0030
13308 0.0033
13310 0.0037
13312 0.0045
13314 0.0057
13316 0.0073
13317 0.0088
13319 0.0097
13321 0.0095
13323 0.0081
13324 0.0057
13326 0.0032
13328 0.0013
13330 0.0006
13332 0.0010
13333 0.0022
13335 0.0036
13337 0.0046
13339 0.0048
13340 0.0035
13342 0.0014
13344 -0.0004
13346 -0.0009
13348 0.0002
13349 0.0021
13351 0.0031
13353 0.0020
13355 -0.0011
13356 -0.0049
13358 -0.0076
13360 -0.0085
13362 -0.0082
13364 -0.0076
13365 -0.0074
13367 -0.0064
13369 -0.0033
13371 0.0016
13373 0.0072
13374 0.0109
13376 0.0107
13378 0.0075
13380 0.0027
13382 -0.0019
13383 -0.0051
13385 -0.0070
13387 -0.0077
13389 -0.0074
13390 -0.0063
13392 -0.0051
13394 -0.0040
13396 -0.0034
13398 -0.0027
13399 -0.0009
13401 0.0019
13403 0.0045
13405 0.0056
13407 0.0044
13408 0.0021
13410 0.0007
13412 0.0009
13414 0.0021
13416 0.0030
13417 0.0023
13419 0.0007
13421 -0.0004
13423 -0.0006
13425 -0.0001
13426 0.0005
13428 0.0006
13430 0.0007
13432 0.0011
13434 0.0010
13435 0.0003
13437 -0.0011
13439 -0.0026
13441 -0.0025
13443 -0.0012
13444 -0.0001
13446 -0.0001
13448 -0.0014
13450 -0.0024
13452 -0.0013
13454 0.0017
13455 0.0045
13457 0.0058
13459 0.0045
13461 0.0023
13463 0.0012
13464 0.0014
13466 0.0021
13468 0.0022
13470 0.0008
13472 -0.0006
13473 -0.0004
13475 0.0017
13477 0.0052
13479 0.0081
13481 0.0091
13483 0.0082
13484 0.0066
13486 0.0054
13488 0.0053
13490 0.0058
13492 0.0056
13493 0.0035
13495 -0.0005
13497 -0.0053
13499 -0.0095
13501 -0.0116
13503 -0.0113
13504 -0.0097
13506 -0.0077
13508 -0.0063
13510 -0.0051
13512 -0.0033
13514 -0.0008
13515 0.0020
13517 0.0039
13519 0.0040
13521 0.0025
13523 0.0000
13524 -0.0021
13526 -0.0027
13528 -0.0015
13530 0.0009
13532 0.0032
13534 0.0045
13535 0.0045
13537 0.0041
13539 0.0044
13541 0.0054
13543 0.0059
13545 0.0046
13546 0.0005
13548 -0.0057
13550 -0.0114
13552 -0.0151
13554 -0.0160
13556 -0.0143
13557 -0.0116
13559 -0.0085
13561 -0.0053
13563 -0.0027
13565 -0.0006
13567 0.0006
13569 0.0010
13570 0.0006
13572 -0.0001
13574 -0.0011
13576 -0.0024
13578 -0.0036
13580 -0.0046
13581 -0.0053
13583 -0.0059
13585 -0.0071
13587 -0.0089
13589 -0.0112
13591 -0.0131
13592 -0.0139
13594 -0.0131
13596 -0.0104
13598 -0.0065
13600 -0.0025
13602 0.0011
13604 0.0041
13605 0.0059
13607 0.0062
13609 0.0048
13611 0.0021
13613 -0.0003
13615 -0.0013
13617 0.0002
13618 0.0037
13620 0.0072
13622 0.0087
13624 0.0083
13626 0.0067
13628 0.0061
13630 0.0070
13631 0.0079
13633 0.0073
13635 0.0044
13637 0.0002
13639 -0.0031
13641 -0.0044
13643 -0.0039
13644 -0.0027
13646 -0.0025
13648 -0.0030
13650 -0.0029
13652 -0.0023
13654 -0.0017
13656 -0.0017
13657 -0.0028
13659 -0.0039
13661 -0.0038
13663 -0.0026
13665 -0.0009
13667 0.0001
13669 -0.0002
13671 -0.0014
13672 -0.0027
13674 -0.0041
13676 -0.0054
13678 -0.0064
13680 -0.0067
13682 -0.0052
13684 -0.0021
13686 0.0015
13687 0.0042
13689 0.0046
13691 0.0030
13693 0.0005
13695 -0.0018
13697 -0.0035
13699 -0.0046
13701 -0.0054
13702 -0.0064
13704 -0.0080
13706 -0.0095
13708 -0.0102
13710 -0.0093
13712 -0.0065
13714 -0.0031
13716 -0.0004
13717 0.0012
13719 0.0017
13721 0.0019
13723 0.0023
13725 0.0022
13727 0.0009
13729 -0.0016
13731 -0.0044
13732 -0.0061
13734 -0.0062
13736 -0.0053
13738 -0.0043
13740 -0.0038
13742 -0.0035
13744 -0.0026
13746 -0.0013
13748 -0.0002
13749 0.0001
13751 -0.0003
13753 -0.0010
13755 -0.0010
13757 -0.0007
13759 -0.0004
13761 0.0000
13763 0.0007
13765 0.0026
13767 0.0058
13768 0.0089
13770 0.0106
13772 0.0103
13774 0.0082
13776 0.0057
13778 0.0036
13780 0.0019
13782 0.0003
13784 -0.0014
13785 -0.0031
13787 -0.0042
13789 -0.0044
13791 -0.0036
13793 -0.0021
13795 -0.0003
13797 0.0014
13799 0.0021
13801 0.0018
13803 0.0003
13805 -0.0015
13806 -0.0027
13808 -0.0031
13810 -0.0029
13812 -0.0029
13814 -0.0036
13816 -0.0046
13818 -0.0053
13820 -0.0050
13822 -0.0040
13824 -0.0026
13826 -0.0016
13827 -0.0021
13829 -0.0042
13831 -0.0073
13833 -0.0102
13835 -0.0113
13837 -0.0101
13839 -0.0072
13841 -0.0039
13843 -0.0023
13845 -0.0026
13847 -0.0038
13848 -0.0044
13850 -0.0036
13852 -0.0020
13854 -0.0016
13856 -0.0029
13858 -0.0051
13860 -0.0066
13862 -0.0061
13864 -0.0045
13866 -0.0035
13868 -0.0038
13870 -0.0051
13872 -0.0058
13873 -0.0048
13875 -0.0030
13877 -0.0015
13879 -0.0013
13881 -0.0023
13883 -0.0026
13885 -0.0010
13887 0.0020
13889 0.0051
13891 0.0068
13893 0.0065
13895 0.0051
13897 0.0031
13899 0.0009
13900 -0.0010
13902 -0.0027
13904 -0.0037
13906 -0.0036
13908 -0.0025
13910 -0.0012
13912 0.0000
13914 0.0010
13916 0.0018
13918 0.0023
13920 0.0016
13922 -0.0007
13924 -0.0039
13926 -0.0070
13928 -0.0080
13930 -0.0063
13931 -0.0032
13933 -0.0002
13935 0.0018
13937 0.0024
13939 0.0022
13941 0.0019
13943 0.0015
13945 0.0012
13947 0.0007
13949 0.0000
13951 -0.0009
13953 -0.0021
13955 -0.0036
13957 -0.0051
13959 -0.0060
13961 -0.0060
13963 -0.0053
13965 -0.0047
13966 -0.0050
13968 -0.0063
13970 -0.0077
13972 -0.0082
13974 -0.0066
13976 -0.0033
13978 0.0006
13980 0.0038
13982 0.0053
13984 0.0057
13986 0.0057
13988 0.0062
13990 0.0072
13992 0.0080
13994 0.0078
13996 0.0065
13998 0.0047
14000 0.0036
14002 0.0037
14004 0.0048
14006 0.0059
14008 0.0063
14010 0.0057
14011 0.0042
14013 0.0021
14015 -0.0007
14017 -0.0037
14019 -0.0064
14021 -0.0072
14023 -0.0054
14025 -0.0017
14027 0.0023
14029 0.0046
14031 0.0045
14033 0.0027
14035 0.0010
14037 0.0007
14039 0.0026
14041 0.0058
14043 0.0089
14045 0.0109
14047 0.0110
14049 0.0091
14051 0.0056
14053 0.0013
14055 -0.0028
14057 -0.0059
14059 -0.0077
14061 -0.0085
14063 -0.0085
14065 -0.0075
14067 -0.0052
14069 -0.0016
14071 0.0029
14073 0.0070
14075 0.0095
14077 0.0094
14079 0.0075
14081 0.0047
14083 0.0023
14085 0.0009
14086 0.0004
14088 0.0000
14090 -0.0010
14092 -0.0032
14094 -0.0062
14096 -0.0092
14098 -0.0110
14100 -0.0108
14102 -0.0087
14104 -0.0055
14106 -0.0023
14108 0.0001
14110 0.0013
14112 0.0019
14114 0.0027
14116 0.0042
14118 0.0062
14120 0.0078
14122 0.0079
14124 0.0063
14126 0.0034
14128 0.0004
14130 -0.0015
14132 -0.0019
14134 -0.0011
14136 0.0003
14138 0.0012
14140 0.0013
14142 0.0006
14144 -0.0005
14146 -0.0014
14148 -0.0013
14150 -0.0003
14152 0.0010
14154 0.0017
14156 0.0007
14158 -0.0017
14160 -0.0044
14162 -0.0058
14164 -0.0048
14166 -0.0016
14168 0.0020
14170 0.0045
14172 0.0046
14174 0.0027
14176 0.0001
14178 -0.0022
14180 -0.0038
14182 -0.0047
14184 -0.0055
14186 -0.0059
14188 -0.0056
14190 -0.0046
14192 -0.0028
14194 -0.0010
14196 0.0003
14198 0.0011
14201 0.0013
14203 0.0009
14205 0.0000
14207 -0.0013
14209 -0.0026
14211 -0.0032
14213 -0.0028
14215 -0.0017
14217 -0.0006
14219 -0.0004
14221 -0.0010
14223 -0.0015
14225 -0.0012
14227 -0.0002
14229 0.0013
14231 0.0021
14233 0.0022
14235 0.0018
14237 0.0011
14239 0.0005
14241 -0.0005
14243 -0.0018
14245 -0.0033
14247 -0.0045
14249 -0.0054
14251 -0.0057
14253 -0.0055
14255 -0.0050
14257 -0.0037
14259 -0.0020
14261 -0.0003
14263 0.0007
14265 0.0009
14267 0.0004
14269 -0.0003
14271 -0.0009
14273 -0.0017
14276 -0.0028
14278 -0.0040
14280 -0.0048
14282 -0.0047
14284 -0.0040
14286 -0.0031
14288 -0.0024
14290 -0.0020
14292 -0.0016
14294 -0.0010
14296 -0.0005
14298 0.0000
14300 0.0007
14302 0.0019
14304 0.0032
14306 0.0043
14308 0.0042
14310 0.0029
14312 0.0015
14314 0.0009
14316 0.0012
14318 0.0020
14320 0.0022
14323 0.0015
14325 0.0011
14327 0.0014
14329 0.0024
14331 0.0032
14333 0.0026
14335 0.0010
14337 -0.0006
14339 -0.0015
14341 -0.0015
14343 -0.0014
14345 -0.0020
14347 -0.0030
14349 -0.0036
14351 -0.0035
14353 -0.0023
14355 -0.0003
14358 0.0019
14360 0.0041
14362 0.0057
14364 0.0056
14366 0.0037
14368 0.0005
14370 -0.0023
14372 -0.0032
14374 -0.0017
14376 0.0011
14378 0.0038
14380 0.0053
14382 0.0053
14384 0.0045
14386 0.0035
14388 0.0022
14391 0.0010
14393 0.0000
14395 -0.0005
14397 -0.0001
14399 0.0005
14401 0.0010
14403 0.0009
14405 0.0003
14407 -0.0004
14409 -0.0010
14411 -0.0010
14413 -0.0006
14415 0.0006
14418 0.0021
14420 0.0031
14422 0.0027
14424 0.0010
14426 -0.0014
14428 -0.0034
14430 -0.0043
14432 -0.0044
14434 -0.0038
14436 -0.0029
14438 -0.0019
14440 -0.0004
14443 0.0011
14445 0.0021
14447 0.0024
14449 0.0022
14451 0.0018
14453 0.0017
14455 0.0017
14457 0.0012
14459 0.0007
14461 0.0006
14463 0.0010
14465 0.0019
14468 0.0022
14470 0.0013
14472 -0.0004
14474 -0.0023
14476 -0.0035
14478 -0.0038
14480 -0.0036
14482 -0.0033
14484 -0.0030
14486 -0.0026
14489 -0.0021
14491 -0.0018
14493 -0.0019
14495 -0.0024
14497 -0.0030
14499 -0.0034
14501 -0.0033
14503 -0.0024
14505 -0.0003
14507 0.0027
14510 0.0060
14512 0.0079
14514 0.0073
14516 0.0046
14518 0.0011
14520 -0.0016
14522 -0.0024
14524 -0.0020
14526 -0.0013
14529 -0.0007
14531 -0.0002
14533 0.0004
14535 0.0012
14537 0.0016
14539 0.0014
14541 0.0014
14543 0.0021
14545 0.0038
14548 0.0058
14550 0.0066
14552 0.0055
14554 0.0034
14556 0.0010
14558 -0.0003
14560 -0.0007
14562 -0.0009
14565 -0.0010
14567 -0.0010
14569 -0.0006
14571 0.0003
14573 0.0014
14575 0.0020
14577 0.0018
14579 0.0011
14582 -0.0001
14584 -0.0014
14586 -0.0025
14588 -0.0031
14590 -0.0028
14592 -0.0015
14594 0.0006
14596 0.0026
14599 0.0040
14601 0.0042
14603 0.0033
14605 0.0016
14607 -0.0003
14609 -0.0021
14611 -0.0035
14613 -0.0040
14616 -0.0036
14618 -0.0025
14620 -0.0010
14622 0.0005
14624 0.0015
14626 0.0021
14628 0.0023
14631 0.0021
14633 0.0016
14635 0.0004
14637 -0.0013
14639 -0.0033
14641 -0.0048
14643 -0.0052
14646 -0.0041
14648 -0.0020
14650 0.0000
14652 0.0013
14654 0.0015
14656 0.0014
14658 0.0015
14661 0.0017
14663 0.0016
14665 0.0005
14667 -0.0014
14669 -0.0032
14671 -0.0041
14674 -0.0034
14676 -0.0017
14678 -0.0002
14680 0.0002
14682 -0.0007
14684 -0.0027
14686 -0.0050
14689 -0.0065
14691 -0.0067
14693 -0.0055
14695 -0.0035
14697 -0.0016
14699 -0.0008
14702 -0.0011
14704 -0.0020
14706 -0.0025
14708 -0.0019
14710 -0.0002
14712 0.0019
14715 0.0038
14717 0.0049
14719 0.0048
14721 0.0036
14723 0.0014
14725 -0.0010
14728 -0.0031
14730 -0.0044
14732 -0.0048
14734 -0.0045
14736 -0.0038
14738 -0.0031
14741 -0.0025
14743 -0.0024
14745 -0.0028
14747 -0.0034
14749 -0.0037
14751 -0.0031
14754 -0.0018
14756 -0.0003
14758 0.0006
14760 0.0009
14762 0.0006
14765 0.0003
14767 0.0004
14769 0.0007
14771 0.0010
14773 0.0018
14775 0.0029
14778 0.0045
14780 0.0058
14782 0.0059
14784 0.0049
14786 0.0034
14789 0.0023
14791 0.0021
14793 0.0025
14795 0.0021
14797 0.0008
14799 -0.0010
14802 -0.0026
14804 -0.0032
14806 -0.0032
14808 -0.0032
14810 -0.0034
14813 -0.0039
14815 -0.0042
14817 -0.0040
14819 -0.0035
14821 -0.0030
14824 -0.0028
14826 -0.0029
14828 -0.0031
14830 -0.0032
14832 -0.0033
14835 -0.0031
14837 -0.0026
14839 -0.0018
14841 -0.0010
14843 -0.0003
14846 0.0002
14848 0.0003
14850 0.0000
14852 -0.0007
14854 -0.0015
14857 -0.0021
14859 -0.0021
14861 -0.0014
14863 -0.0004
14865 0.0005
14868 0.0011
14870 0.0017
14872 0.0025
14874 0.0030
14877 0.0028
14879 0.0014
14881 -0.0010
14883 -0.0031
14885 -0.0037
14888 -0.0027
14890 -0.0009
14892 0.0001
14894 -0.0004
14896 -0.0018
14899 -0.0032
14901 -0.0036
14903 -0.0028
14905 -0.0017
14908 -0.0009
14910 -0.0008
14912 -0.0014
14914 -0.0021
14916 -0.0024
14919 -0.0020
14921 -0.0009
14923 0.0005
14925 0.0013
14928 0.0008
14930 -0.0005
14932 -0.0017
14934 -0.0019
14937 -0.0007
14939 0.0009
14941 0.0021
14943 0.0025
14945 0.0024
14948 0.0026
14950 0.0032
14952 0.0036
14954 0.0030
14957 0.0018
14959 0.0007
14961 0.0007
14963 0.0019
14966 0.0029
14968 0.0030
14970 0.0015
14972 -0.0009
14975 -0.0026
14977 -0.0030
14979 -0.0021
14981 -0.0005
14984 0.0010
14986 0.0019
14988 0.0023
14990 0.0021
14993 0.0015
14995 0.0008
14997 0.0002
14999 -0.0003
15002 -0.0008
15004 -0.0014
15006 -0.0021
15008 -0.0027
15011 -0.0031
15013 -0.0031
15015 -0.0026
15017 -0.0018
15020 -0.0012
15022 -0.0009
15024 -0.0012
15026 -0.0022
15029 -0.0035
15031 -0.0045
15033 -0.0047
15035 -0.0038
15038 -0.0025
15040 -0.0015
15042 -0.0008
15044 -0.0005
15047 -0.0002
15049 0.0003
15051 0.0003
15053 -0.0005
15056 -0.0018
15058 -0.0032
15060 -0.0037
15063 -0.0026
15065 -0.0007
15067 0.0011
15069 0.0022
15072 0.0024
15074 0.0021
15076 0.0018
15078 0.0015
15081 0.0010
15083 0.0001
15085 -0.0011
15088 -0.0023
15090 -0.0032
15092 -0.0032
15094 -0.0027
15097 -0.0021
15099 -0.0019
15101 -0.0024
15103 -0.0032
15106 -0.0035
15108 -0.0032
15110 -0.0024
15113 -0.0017
15115 -0.0020
15117 -0.0027
15119 -0.0033
15122 -0.0029
15124 -0.0014
15126 0.0004
15129 0.0015
15131 0.0017
15133 0.0010
15135 0.0003
15138 0.0000
15140 0.0002
15142 0.0005
15145 0.0007
15147 0.0005
15149 0.0000
15152 -0.0005
15154 -0.0009
15156 -0.0006
15158 0.0003
15161 0.0014
15163 0.0020
15165 0.0016
15168 0.0002
15170 -0.0015
15172 -0.0027
15175 -0.0032
15177 -0.0032
15179 -0.0031
15181 -0.0031
15184 -0.0031
15186 -0.0026
15188 -0.0019
15191 -0.0010
15193 0.0001
15195 0.0014
15198 0.0027
15200 0.0038
15202 0.0040
15205 0.0032
15207 0.0020
15209 0.0009
15211 0.0006
15214 0.0011
15216 0.0015
15218 0.0016
15221 0.0013
15223 0.0009
15225 0.0006
15228 0.0005
15230 0.0002
15232 0.0000
15235 0.0000
15237 0.0003
15239 0.0008
15242 0.0012
15244 0.0011
15246 0.0008
15249 0.0009
15251 0.0014
15253 0.0024
15256 0.0035
15258 0.0043
15260 0.0051
15263 0.0057
15265 0.0060
15267 0.0056
15270 0.0043
15272 0.0024
15274 0.0005
15277 -0.0006
15279 -0.0009
15281 -0.0005
15284 0.0002
15286 0.0006
15288 0.0006
15291 0.0002
15293 -0.0005
15295 -0.0011
15298 -0.0014
15300 -0.0014
15302 -0.0011
15305 -0.0009
15307 -0.0010
15309 -0.0011
15312 -0.0013
15314 -0.0013
15316 -0.0013
15319 -0.0015
15321 -0.0020
15323 -0.0026
15326 -0.0030
15328 -0.0029
15330 -0.0021
15333 -0.0006
15335 0.0015
15337 0.0037
15340 0.0055
15342 0.0059
15344 0.0052
15347 0.0036
15349 0.0019
15352 0.0006
15354 -0.0004
15356 -0.0016
15359 -0.0028
15361 -0.0035
15363 -0.0033
15366 -0.0019
15368 -0.0001
15370 0.0013
15373 0.0020
15375 0.0018
15378 0.0011
15380 0.0003
15382 -0.0007
15385 -0.0018
15387 -0.0025
15389 -0.0025
15392 -0.0016
15394 0.0001
15396 0.0020
15399 0.0034
15401 0.0044
15404 0.0046
15406 0.0040
15408 0.0026
15411 0.0006
15413 -0.0013
15415 -0.0022
15418 -0.0021
15420 -0.0014
15423 -0.0010
15425 -0.0015
15427 -0.0025
15430 -0.0031
15432 -0.0030
15434 -0.0018
15437 -0.0003
15439 0.0008
15442 0.0016
15444 0.0021
15446 0.0026
15449 0.0031
15451 0.0030
15454 0.0023
15456 0.0010
15458 -0.0004
15461 -0.0012
15463 -0.0013
15466 -0.0007
15468 0.0000
15470 0.0004
15473 0.0001
15475 -0.0008
15477 -0.0017
15480 -0.0020
15482 -0.0014
15485 -0.0003
15487 0.0010
15489 0.0017
15492 0.0016
15494 0.0008
15497 -0.0005
15499 -0.0022
15501 -0.0036
15504 -0.0043
15506 -0.0041
15509 -0.0030
15511 -0.0015
15513 -0.0002
15516 0.0006
15518 0.0012
15521 0.0017
15523 0.0021
15526 0.0018
15528 0.0007
15530 -0.0012
15533 -0.0030
15535 -0.0036
15538 -0.0030
15540 -0.0016
15542 0.0000
15545 0.0012
15547 0.0019
15550 0.0026
15552 0.0030
15555 0.0028
15557 0.0018
15559 -0.0002
15562 -0.0022
15564 -0.0034
15567 -0.0035
15569 -0.0026
15571 -0.0014
15574 -0.0004
15576 0.0004
15579 0.0009
15581 0.0009
15584 0.0005
15586 -0.0005
15588 -0.0016
15591 -0.0024
15593 -0.0025
15596 -0.0020
15598 -0.0012
15601 -0.0004
15603 0.0000
15605 0.0001
15608 0.0000
15610 -0.0004
15613 -0.0009
15615 -0.0015
15618 -0.0018
15620 -0.0016
15623 -0.0007
15625 0.0007
15627 0.0022
15630 0.0033
15632 0.0032
15635 0.0019
15637 -0.0003
15640 -0.0024
15642 -0.0035
15645 -0.0033
15647 -0.0023
15649 -0.0012
15652 -0.0008
15654 -0.0010
15657 -0.0013
15659 -0.0015
15662 -0.0016
15664 -0.0017
15667 -0.0019
15669 -0.0020
15672 -0.0011
15674 0.0005
15676 0.0024
15679 0.0036
15681 0.0035
15684 0.0021
15686 0.0004
15689 -0.0014
15691 -0.0028
15694 -0.0037
15696 -0.0042
15699 -0.0041
15701 -0.0034
15704 -0.0029
15706 -0.0027
15708 -0.0031
15711 -0.0036
15713 -0.0035
15716 -0.0027
15718 -0.0016
15721 -0.0008
15723 -0.0005
15726 -0.0005
15728 -0.0004
15731 0.0001
15733 0.0009
15736 0.0018
15738 0.0025
15741 0.0031
15743 0.0033
15746 0.0029
15748 0.0017
15751 0.0001
15753 -0.0013
15755 -0.0021
15758 -0.0023
15760 -0.0021
15763 -0.0019
15765 -0.0015
15768 -0.0006
15770 0.0006
15773 0.0017
15775 0.0020
15778 0.0014
15780 0.0006
15783 0.0001
15785 0.0003
15788 0.0010
15790 0.0015
15793 0.0015
15795 0.0013
15798 0.0014
15800 0.0019
15803 0.0027
15805 0.0034
15808 0.0034
15810 0.0027
15813 0.0011
15815 -0.0007
15818 -0.0023
15820 -0.0030
15823 -0.0027
15825 -0.0018
15828 -0.0011
15830 -0.0010
15833 -0.0014
15835 -0.0017
15838 -0.0017
15840 -0.0015
15843 -0.0017
15845 -0.0023
15848 -0.0028
15850 -0.0027
15853 -0.0019
15855 -0.0010
15858 -0.0006
15860 -0.0011
15863 -0.0015
15865 -0.0016
15868 -0.0012
15870 -0.0005
15873 -0.0004
15876 -0.0005
15878 -0.0007
15881 -0.0008
15883 -0.0007
15886 -0.0006
15888 -0.0006
15891 -0.0004
15893 0.0004
15896 0.0011
15898 0.0013
15901 0.0007
15903 -0.0006
15906 -0.0015
15908 -0.0013
15911 -0.0005
15913 0.0005
15916 0.0006
15918 -0.0002
15921 -0.0012
15924 -0.0019
15926 -0.0020
15929 -0.0015
15931 -0.0008
15934 -0.0002
15936 0.0002
15939 0.0004
15941 0.0004
15944 0.0005
15946 0.0009
15949 0.0014
15952 0.0018
15954 0.0018
15957 0.0013
15959 0.0007
15962 0.0004
15964 0.0005
15967 0.0006
15969 0.0005
15972 -0.0001
15974 -0.0009
15977 -0.0016
15980 -0.0023
15982 -0.0030
15985 -0.0034
15987 -0.0036
15990 -0.0032
15992 -0.0025
15995 -0.0019
15997 -0.0016
16000 -0.0015
16003 -0.0012
16005 -0.0006
16008 0.0002
16010 0.0004
16013 0.0000
16015 -0.0010
16018 -0.0019
16021 -0.0023
16023 -0.0025
16026 -0.0026
16028 -0.0027
16031 -0.0026
16033 -0.0022
16036 -0.0016
16038 -0.0011
16041 -0.0011
16044 -0.0013
16046 -0.0016
16049 -0.0019
16051 -0.0021
16054 -0.0025
16057 -0.0030
16059 -0.0034
16062 -0.0034
16064 -0.0030
16067 -0.0023
16069 -0.0015
16072 -0.0008
16075 -0.0003
16077 -0.0002
16080 -0.0006
16082 -0.0011
16085 -0.0013
16088 -0.0008
16090 0.0002
16093 0.0010
16095 0.0009
16098 -0.0002
16100 -0.0016
16103 -0.0023
16106 -0.0018
16108 -0.0004
16111 0.0011
16113 0.0022
16116 0.0027
16119 0.0027
16121 0.0026
16124 0.0025
16126 0.0022
16129 0.0016
16132 0.0006
16134 -0.0005
16137 -0.0012
16139 -0.0014
16142 -0.0008
16145 0.0002
16147 0.0011
16150 0.0014
16152 0.0008
16155 -0.0002
16158 -0.0012
16160 -0.0017
16163 -0.0016
16166 -0.0013
16168 -0.0009
16171 -0.0008
16173 -0.0010
16176 -0.0013
16179 -0.0014
16181 -0.0010
16184 0.0000
16186 0.0015
16189 0.0028
16192 0.0036
16194 0.0037
16197 0.0034
16200 0.0032
16202 0.0033
16205 0.0035
16207 0.0036
16210 0.0034
16213 0.0030
16215 0.0024
16218 0.0016
16221 0.0003
16223 -0.0012
16226 -0.0023
16228 -0.0026
16231 -0.0017
16234 -0.0004
16236 0.0006
16239 0.0011
16242 0.0011
16244 0.0011
16247 0.0014
16250 0.0016
16252 0.0017
16255 0.0018
16258 0.0018
16260 0.0019
16263 0.0019
16265 0.0012
16268 -0.0001
16271 -0.0013
16273 -0.0021
16276 -0.0021
16279 -0.0014
16281 -0.0009
16284 -0.0006
16287 -0.0005
16289 -0.0002
16292 0.0003
16295 0.0008
16297 0.0009
16300 0.0008
16303 0.0008
16305 0.0008
16308 0.0010
16311 0.0009
16313 0.0002
16316 -0.0007
16319 -0.0014
16321 -0.0016
16324 -0.0015
16327 -0.0011
16329 -0.0008
16332 -0.0004
16335 0.0000
16337 0.0007
16340 0.0015
16343 0.0020
16345 0.0022
16348 0.0020
16351 0.0015
16353 0.0010
16356 0.0008
16359 0.0011
16361 0.0017
16364 0.0023
16367 0.0025
16369 0.0020
16372 0.0011
16375 0.0001
16377 -0.0006
16380 -0.0010
16383 -0.0013
16385 -0.0015
16388 -0.0015
16391 -0.0012
16393 -0.0005
16396 0.0002
16399 0.0010
16402 0.0015
16404 0.0015
16407 0.0012
16410 0.0003
16412 -0.0007
16415 -0.0015
16418 -0.0017
16420 -0.0013
16423 -0.0005
16426 0.0002
16428 0.0005
16431 0.0007
16434 0.0009
16437 0.0015
16439 0.0023
16442 0.0029
16445 0.0031
16447 0.0029
16450 0.0023
16453 0.0015
16455 0.0006
16458 -0.0006
16461 -0.0015
16464 -0.0020
16466 -0.0018
16469 -0.0010
16472 -0.0002
16474 0.0002
16477 0.0002
16480 -0.0003
16483 -0.0009
16485 -0.0015
16488 -0.0023
16491 -0.0030
16493 -0.0032
16496 -0.0025
16499 -0.0008
16502 0.0013
16504 0.0028
16507 0.0030
16510 0.0017
16513 -0.0001
16515 -0.0017
16518 -0.0024
16521 -0.0022
16523 -0.0017
16526 -0.0016
16529 -0.0018
16532 -0.0020
16534 -0.0018
16537 -0.0010
16540 -0.0002
16543 0.0003
16545 0.0005
16548 0.0004
16551 0.0005
16554 0.0008
16556 0.0013
16559 0.0014
16562 0.0011
16565 0.0005
16567 0.0000
16570 0.0000
16573 0.0005
16576 0.0013
16578 0.0020
16581 0.0023
16584 0.0021
16586 0.0016
16589 0.0009
16592 0.0004
16595 0.0000
16598 0.0000
16600 0.0006
16603 0.0017
16606 0.0031
16609 0.0041
16611 0.0044
16614 0.0036
16617 0.0019
16620 0.0000
16622 -0.0015
16625 -0.0022
16628 -0.0021
16631 -0.0015
16633 -0.0010
16636 -0.0006
16639 -0.0002
16642 0.0002
16644 0.0007
16647 0.0011
16650 0.0012
16653 0.0012
16656 0.0010
16658 0.0008
16661 0.0005
16664 0.0000
16667 -0.0005
16669 -0.0011
16672 -0.0015
16675 -0.0017
16678 -0.0016
16681 -0.0016
16683 -0.0015
16686 -0.0013
16689 -0.0010
16692 -0.0006
16694 -0.0003
16697 -0.0003
16700 -0.0004
16703 -0.0004
16706 -0.0001
16708 0.0006
16711 0.0015
16714 0.0021
16717 0.0021
16720 0.0017
16722 0.0010
16725 0.0004
16728 0.0000
16731 -0.0002
16734 -0.0004
16736 -0.0004
16739 -0.0003
16742 0.0003
16745 0.0014
16748 0.0028
16750 0.0041
16753 0.0046
16756 0.0041
16759 0.0027
16762 0.0009
16764 -0.0005
16767 -0.0008
16770 0.0002
16773 0.0020
16776 0.0037
16779 0.0046
16781 0.0048
16784 0.0042
16787 0.0036
16790 0.0032
16793 0.0031
16795 0.0032
16798 0.0034
16801 0.0034
16804 0.0031
16807 0.0025
16810 0.0016
16812 0.0008
16815 0.0004
16818 0.0003
16821 0.0003
16824 0.0001
16827 -0.0005
16829 -0.0011
16832 -0.0014
16835 -0.0010
16838 -0.0003
16841 0.0004
16844 0.0005
16846 0.0000
16849 -0.0006
16852 -0.0011
16855 -0.0014
16858 -0.0015
16861 -0.0017
16863 -0.0017
16866 -0.0015
16869 -0.0009
16872 -0.0001
16875 0.0009
16878 0.0016
16880 0.0020
16883 0.0020
16886 0.0017
16889 0.0015
16892 0.0014
16895 0.0015
16898 0.0016
16900 0.0014
16903 0.0008
16906 0.0001
16909 -0.0001
16912 0.0005
16915 0.0018
16918 0.0030
16920 0.0036
16923 0.0034
16926 0.0027
16929 0.0021
16932 0.0018
16935 0.0018
16938 0.0021
16941 0.0024
16943 0.0026
16946 0.0026
16949 0.0019
16952 0.0006
16955 -0.0009
16958 -0.0017
16961 -0.0015
16964 -0.0003
16966 0.0012
16969 0.0022
16972 0.0024
16975 0.0020
16978 0.0012
16981 0.0004
16984 -0.0005
16987 -0.0016
16989 -0.0027
16992 -0.0034
16995 -0.0035
16998 -0.0029
17001 -0.0018
17004 -0.0007
17007 0.0004
17010 0.0011
17013 0.0013
17015 0.0010
17018 0.0001
17021 -0.0009
17024 -0.0017
17027 -0.0020
17030 -0.0017
17033 -0.0010
17036 -0.0001
17039 0.0007
17042 0.0014
17044 0.0019
17047 0.0023
17050 0.0028
17053 0.0033
17056 0.0039
17059 0.0043
17062 0.0041
17065 0.0033
17068 0.0021
17071 0.0006
17074 -0.0008
17077 -0.0019
17079 -0.0026
17082 -0.0026
17085 -0.0018
17088 -0.0007
17091 0.0003
17094 0.0008
17097 0.0008
17100 0.0004
17103 0.0002
17106 0.0002
17109 0.0003
17112 0.0001
17114 -0.0005
17117 -0.0012
17120 -0.0015
17123 -0.0014
17126 -0.0010
17129 -0.0008
17132 -0.0011
17135 -0.0018
17138 -0.0023
17141 -0.0026
17144 -0.0022
17147 -0.0016
17150 -0.0010
17153 -0.0008
17156 -0.0010
17159 -0.0016
17161 -0.0024
17164 -0.0030
17167 -0.0033
17170 -0.0031
17173 -0.0026
17176 -0.0021
17179 -0.0018
17182 -0.0017
17185 -0.0019
17188 -0.0020
17191 -0.0020
17194 -0.0018
17197 -0.0015
17200 -0.0014
17203 -0.0015
17206 -0.0018
17209 -0.0021
17212 -0.0021
17215 -0.0016
17218 -0.0008
17221 0.0002
17224 0.0010
17227 0.0014
17229 0.0013
17232 0.0007
17235 -0.0002
17238 -0.0010
17241 -0.0017
17244 -0.0019
17247 -0.0018
17250 -0.0016
17253 -0.0015
17256 -0.0015
17259 -0.0016
17262 -0.0014
17265 -0.0009
17268 -0.0003
17271 0.0001
17274 -0.0002
17277 -0.0012
17280 -0.0026
17283 -0.0039
17286 -0.0044
17289 -0.0041
17292 -0.0030
17295 -0.0018
17298 -0.0010
17301 -0.0005
17304 -0.0003
17307 0.0000
17310 0.0005
17313 0.0008
17316 0.0004
17319 -0.0005
17322 -0.0015
17325 -0.0019
17328 -0.0012
17331 0.0002
17334 0.0016
17337 0.0024
17340 0.0021
17343 0.0012
17346 0.0001
17349 -0.0006
17352 -0.0009
17355 -0.0007
17358 -0.0003
17361 0.0000
17364 0.0001
17367 0.0000
17370 -0.0002
17373 -0.0004
17376 -0.0003
17379 0.0001
17382 0.0006
17385 0.0011
17388 0.0015
17391 0.0016
17394 0.0012
17397 0.0002
17400 -0.0013
17403 -0.0027
17406 -0.0036
17409 -0.0036
17413 -0.0033
17416 -0.0029
17419 -0.0028
17422 -0.0029
17425 -0.0027
17428 -0.0023
17431 -0.0017
17434 -0.0012
17437 -0.0012
17440 -0.0014
17443 -0.0013
17446 -0.0008
17449 0.0002
17452 0.0012
17455 0.0020
17458 0.0025
17461 0.0030
17464 0.0036
17467 0.0041
17470 0.0045
17473 0.0045
17476 0.0042
17479 0.0036
17483 0.0025
17486 0.0010
17489 -0.0002
17492 -0.0008
17495 -0.0006
17498 0.0002
17501 0.0008
17504 0.0009
17507 0.0005
17510 0.0000
17513 -0.0001
17516 0.0000
17519 -0.0003
17522 -0.0012
17525 -0.0026
17528 -0.0036
17532 -0.0036
17535 -0.0028
17538 -0.0017
17541 -0.0007
17544 0.0000
17547 0.0006
17550 0.0017
17553 0.0026
17556 0.0027
17559 0.0021
17562 0.0008
17565 -0.0002
17569 -0.0002
17572 0.0006
17575 0.0015
17578 0.0019
17581 0.0016
17584 0.0009
17587 0.0001
17590 -0.0006
17593 -0.0013
17596 -0.0021
17599 -0.0026
17603 -0.0025
17606 -0.0020
17609 -0.0010
17612 -0.0001
17615 0.0004
17618 0.0005
17621 0.0005
17624 0.0002
17627 -0.0003
17630 -0.0012
17634 -0.0026
17637 -0.0039
17640 -0.0046
17643 -0.0041
17646 -0.0022
17649 0.0004
17652 0.0028
17655 0.0040
17658 0.0037
17662 0.0025
17665 0.0012
17668 0.0006
17671 0.0005
17674 0.0003
17677 -0.0006
17680 -0.0020
17683 -0.0035
17687 -0.0041
17690 -0.0036
17693 -0.0025
17696 -0.0012
17699 -0.0002
17702 0.0006
17705 0.0015
17709 0.0024
17712 0.0029
17715 0.0030
17718 0.0027
17721 0.0022
17724 0.0015
17727 0.0005
17730 -0.0010
17734 -0.0025
17737 -0.0036
17740 -0.0035
17743 -0.0025
17746 -0.0012
17749 -0.0002
17753 0.0001
17756 -0.0001
17759 -0.0004
17762 -0.0006
17765 -0.0007
17768 -0.0006
17771 -0.0004
17775 0.0000
17778 0.0006
17781 0.0008
17784 0.0002
17787 -0.0010
17790 -0.0023
17794 -0.0032
17797 -0.0032
17800 -0.0024
17803 -0.0015
17806 -0.0009
17809 -0.0009
17813 -0.0018
17816 -0.0033
17819 -0.0047
17822 -0.0054
17825 -0.0049
17828 -0.0032
17832 -0.0010
17835 0.0010
17838 0.0022
17841 0.0026
17844 0.0025
17848 0.0022
17851 0.0017
17854 0.0010
17857 0.0000
17860 -0.0009
17864 -0.0011
17867 -0.0008
17870 0.0000
17873 0.0010
17876 0.0020
17879 0.0028
17883 0.0031
17886 0.0028
17889 0.0017
17892 0.0003
17895 -0.0010
17899 -0.0015
17902 -0.0010
17905 -0.0001
17908 0.0005
17912 0.0005
17915 0.0000
17918 -0.0007
17921 -0.0010
17924 -0.0011
17928 -0.0010
17931 -0.0010
17934 -0.0013
17937 -0.0017
17940 -0.0022
17944 -0.0024
17947 -0.0021
17950 -0.0013
17953 -0.0001
17957 0.0011
17960 0.0019
17963 0.0020
17966 0.0013
17969 0.0002
17973 -0.0009
17976 -0.0018
17979 -0.0023
17982 -0.0023
17986 -0.0020
17989 -0.0017
17992 -0.0018
17995 -0.0023
17999 -0.0031
18002 -0.0037
18005 -0.0037
18008 -0.0031
18012 -0.0022
18015 -0.0012
18018 -0.0004
18021 0.0003
18025 0.0010
18028 0.0016
18031 0.0020
18034 0.0021
18038 0.0020
18041 0.0018
18044 0.0017
18047 0.0016
18051 0.0011
18054 0.0003
18057 -0.0008
18060 -0.0019
18064 -0.0026
18067 -0.0029
18070 -0.0027
18073 -0.0025
18077 -0.0023
18080 -0.0023
18083 -0.0024
18086 -0.0026
18090 -0.0027
18093 -0.0026
18096 -0.0022
18100 -0.0014
18103 -0.0004
18106 0.0007
18109 0.0018
18113 0.0025
18116 0.0026
18119 0.0020
18123 0.0010
18126 0.0003
18129 0.0000
18132 0.0002
18136 0.0005
18139 0.0005
18142 -0.0001
18146 -0.0008
18149 -0.0011
18152 -0.0006
18155 0.0003
18159 0.0012
18162 0.0015
18165 0.0014
18169 0.0010
18172 0.0008
18175 0.0006
18179 0.0003
18182 -0.0001
18185 -0.0007
18188 -0.0012
18192 -0.0012
18195 -0.0008
18198 -0.0001
18202 0.0009
18205 0.0016
18208 0.0020
18212 0.0018
18215 0.0011
18218 0.0002
18222 -0.0005
18225 -0.0005
18228 0.0000
18232 0.0005
18235 0.0007
18238 0.0003
18242 -0.0003
18245 -0.0005
18248 0.0000
18252 0.0011
18255 0.0023
18258 0.0029
18262 0.0026
18265 0.0014
18268 0.0000
18272 -0.0011
18275 -0.0014
18278 -0.0012
18282 -0.0009
18285 -0.0008
18288 -0.0009
18292 -0.0011
18295 -0.0010
18298 -0.0004
18302 0.0005
18305 0.0012
18308 0.0015
18312 0.0012
18315 0.0006
18318 0.0001
18322 -0.0002
18325 -0.0003
18328 0.0000
18332 0.0005
18335 0.0011
18339 0.0015
18342 0.0016
18345 0.0014
18349 0.0012
18352 0.0011
18355 0.0014
18359 0.0018
18362 0.0020
18365 0.0017
18369 0.0009
18372 -0.0001
18376 -0.0010
18379 -0.0014
18382 -0.0014
18386 -0.0009
18389 -0.0004
18392 0.0001
18396 0.0004
18399 0.0007
18403 0.0012
18406 0.0018
18409 0.0022
18413 0.0021
18416 0.0011
18420 -0.0003
18423 -0.0015
18426 -0.0020
18430 -0.0014
18433 -0.0005
18437 0.0002
18440 0.0004
18443 0.0003
18447 0.0003
18450 0.0006
18454 0.0009
18457 0.0008
18460 0.0005
18464 0.0000
18467 -0.0004
18471 -0.0005
18474 -0.0004
18477 -0.0001
18481 0.0003
18484 0.0007
18488 0.0011
18491 0.0010
18495 0.0003
18498 -0.0008
18501 -0.0020
18505 -0.0026
18508 -0.0024
18512 -0.0016
18515 -0.0009
18519 -0.0005
18522 -0.0007
18525 -0.0010
18529 -0.0012
18532 -0.0010
18536 -0.0006
18539 -0.0003
18543 -0.0002
18546 -0.0005
18549 -0.0011
18553 -0.0016
18556 -0.0020
18560 -0.0021
18563 -0.0021
18567 -0.0019
18570 -0.0014
18574 -0.0005
18577 0.0007
18580 0.0020
18584 0.0028
18587 0.0031
18591 0.0026
18594 0.0016
18598 0.0005
18601 -0.0004
18605 -0.0009
18608 -0.0011
18612 -0.0011
18615 -0.0010
18619 -0.0009
18622 -0.0008
18625 -0.0007
18629 -0.0007
18632 -0.0007
18636 -0.0005
18639 -0.0004
18643 -0.0002
18646 -0.0002
18650 -0.0005
18653 -0.0009
18657 -0.0013
18660 -0.0015
18664 -0.0015
18667 -0.0014
18671 -0.0010
18674 -0.0005
18678 0.0000
18681 0.0004
18685 0.0004
18688 0.0001
18692 -0.0003
18695 -0.0004
18699 -0.0001
18702 0.0005
18706 0.0012
18709 0.0016
18713 0.0017
18716 0.0015
18720 0.0013
18723 0.0009
18727 0.0003
18730 -0.0006
18734 -0.0015
18737 -0.0020
18741 -0.0018
18744 -0.0012
18748 -0.0006
18751 -0.0003
18755 0.0000
18758 0.0004
18762 0.0013
18765 0.0024
18769 0.0032
18772 0.0035
18776 0.0032
18779 0.0027
18783 0.0027
18786 0.0029
18790 0.0030
18793 0.0026
18797 0.0019
18801 0.0013
18804 0.0012
18808 0.0014
18811 0.0015
18815 0.0015
18818 0.0012
18822 0.0011
18825 0.0013
18829 0.0014
18832 0.0012
18836 0.0008
18839 0.0006
18843 0.0009
18847 0.0018
18850 0.0026
18854 0.0031
18857 0.0031
18861 0.0030
18864 0.0030
18868 0.0031
18871 0.0027
18875 0.0020
18879 0.0009
18882 0.0001
18886 0.0000
18889 0.0003
18893 0.0005
18896 0.0005
18900 0.0002
18904 0.0001
18907 0.0004
18911 0.0008
18914 0.0009
18918 0.0010
18921 0.0011
18925 0.0017
18929 0.0027
18932 0.0033
18936 0.0032
18939 0.0023
18943 0.0011
18947 0.0001
18950 -0.0004
18954 -0.0005
18957 -0.0003
18961 -0.0002
18965 -0.0001
18968 0.0002
18972 0.0008
18975 0.0015
18979 0.0020
18983 0.0023
18986 0.0020
18990 0.0013
18993 0.0004
18997 -0.0003
19001 -0.0005
19004 -0.0001
19008 0.0006
19011 0.0013
19015 0.0019
19019 0.0021
19022 0.0023
19026 0.0026
19029 0.0028
19033 0.0030
19037 0.0031
19040 0.0031
19044 0.0031
19048 0.0030
19051 0.0027
19055 0.0023
19059 0.0016
19062 0.0009
19066 0.0005
19069 0.0004
19073 0.0007
19077 0.0010
19080 0.0013
19084 0.0014
19088 0.0013
19091 0.0013
19095 0.0014
19099 0.0018
19102 0.0022
19106 0.0027
19109 0.0031
19113 0.0033
19117 0.0033
19120 0.0030
19124 0.0025
19128 0.0019
19131 0.0015
19135 0.0016
19139 0.0020
19142 0.0022
19146 0.0021
19150 0.0017
19153 0.0013
19157 0.0012
19161 0.0015
19164 0.0018
19168 0.0021
19172 0.0022
19175 0.0023
19179 0.0026
19183 0.0030
19186 0.0033
19190 0.0036
19194 0.0036
19198 0.0032
19201 0.0026
19205 0.0018
19209 0.0009
19212 0.0001
19216 -0.0002
19220 -0.0001
19223 0.0003
19227 0.0006
19231 0.0007
19234 0.0007
19238 0.0008
19242 0.0014
19246 0.0021
19249 0.0027
19253 0.0029
19257 0.0026
19260 0.0018
19264 0.0008
19268 0.0000
19272 -0.0003
19275 0.0001
19279 0.0010
19283 0.0021
19286 0.0027
19290 0.0026
19294 0.0021
19298 0.0014
19301 0.0011
19305 0.0013
19309 0.0018
19312 0.0024
19316 0.0028
19320 0.0031
19324 0.0033
19327 0.0032
19331 0.0028
19335 0.0023
19339 0.0018
19342 0.0016
19346 0.0016
19350 0.0015
19354 0.0012
19357 0.0008
19361 0.0003
19365 0.0003
19369 0.0006
19372 0.0012
19376 0.0019
19380 0.0024
19384 0.0025
19387 0.0024
19391 0.0021
19395 0.0016
19399 0.0012
19402 0.0010
19406 0.0009
19410 0.0010
19414 0.0011
19417 0.0011
19421 0.0010
19425 0.0008
19429 0.0005
19433 0.0004
19436 0.0005
19440 0.0007
19444 0.0011
19448 0.0017
19451 0.0021
19455 0.0025
19459 0.0028
19463 0.0030
19467 0.0030
19470 0.0028
19474 0.0024
19478 0.0020
19482 0.0019
19486 0.0021
19489 0.0024
19493 0.0026
19497 0.0023
19501 0.0020
19505 0.0017
19508 0.0018
19512 0.0020
19516 0.0021
19520 0.0019
19524 0.0014
19527 0.0010
19531 0.0010
19535 0.0012
19539 0.0017
19543 0.0022
19547 0.0026
19550 0.0026
19554 0.0025
19558 0.0021
19562 0.0018
19566 0.0017
19569 0.0020
19573 0.0024
19577 0.0028
19581 0.0032
19585 0.0035
19589 0.0038
19592 0.0042
19596 0.0046
19600 0.0049
19604 0.0050
19608 0.0050
19612 0.0049
19616 0.0049
19619 0.0047
19623 0.0043
19627 0.0038
19631 0.0033
19635 0.0029
19639 0.0028
19643 0.0031
19646 0.0039
19650 0.0051
19654 0.0062
19658 0.0068
19662 0.0066
19666 0.0057
19670 0.0046
19673 0.0039
19677 0.0036
19681 0.0036
19685 0.0037
19689 0.0038
19693 0.0041
19697 0.0045
19701 0.0050
19704 0.0056
19708 0.0060
19712 0.0063
19716 0.0065
19720 0.0067
19724 0.0068
19728 0.0068
19732 0.0069
19736 0.0072
19739 0.0077
19743 0.0081
19747 0.0082
19751 0.0078
19755 0.0074
19759 0.0073
19763 0.0077
19767 0.0082
19771 0.0087
19775 0.0087
19778 0.0086
19782 0.0085
19786 0.0086
19790 0.0088
19794 0.0088
19798 0.0088
19802 0.0087
19806 0.0088
19810 0.0093
19814 0.0099
19818 0.0107
19822 0.0116
19826 0.0126
19829 0.0135
19833 0.0143
19837 0.0148
19841 0.0151
19845 0.0154
19849 0.0160
19853 0.0166
19857 0.0173
19861 0.0180
19865 0.0187
19869 0.0193
19873 0.0198
19877 0.0201
19881 0.0202
19885 0.0202
19889 0.0203
19893 0.0207
19897 0.0213
19900 0.0220
19904 0.0227
19908 0.0235
19912 0.0245
19916 0.0256
19920 0.0267
19924 0.0276
19928 0.0285
19932 0.0295
19936 0.0307
19940 0.0319
19944 0.0331
19948 0.0340
19952 0.0349
19956 0.0357
19960 0.0369
19964 0.0382
19968 0.0396
19972 0.0411
19976 0.0427
19980 0.0446
19984 0.0468
19988 0.0490
19992 0.0509
19996 0.0525
20000 0.0540
20004 0.0555
20008 0.0573
20012 0.0592
20016 0.0611
20020 0.0630
20024 0.0651
20028 0.0676
20032 0.0704
20036 0.0735
20040 0.0765
20044 0.0795
20048 0.0824
20052 0.0854
20056 0.0885
20060 0.0916
20064 0.0949
20068 0.0984
20072 0.1019
20076 0.1056
20080 0.1094
20084 0.1135
20088 0.1181
20092 0.1233
20096 0.1287
20101 0.1340
20105 0.1390
20109 0.1437
20113 0.1486
20117 0.1542
20121 0.1604
20125 0.1668
20129 0.1733
20133 0.1796
20137 0.1861
20141 0.1929
20145 0.1999
20149 0.2071
20153 0.2146
20157 0.2226
20161 0.2311
20165 0.2399
20169 0.2486
20173 0.2570
20178 0.2653
20182 0.2738
20186 0.2830
20190 0.2927
20194 0.3023
20198 0.3118
20202 0.3212
20206 0.3307
20210 0.3408
20214 0.3511
20218 0.3615
20222 0.3721
20227 0.3828
20231 0.3935
20235 0.4040
20239 0.4144
20243 0.4248
20247 0.4356
20251 0.4471
20255 0.4586
20259 0.4699
20263 0.4807
20268 0.4912
20272 0.5020
20276 0.5131
20280 0.5241
20284 0.5347
20288 0.5450
20292 0.5551
20296 0.5652
20300 0.5750
20305 0.5840
20309 0.5925
20313 0.6009
20317 0.6096
20321 0.6184
20325 0.6269
20329 0.6346
20333 0.6420
20338 0.6497
20342 0.6575
20346 0.6650
20350 0.6717
20354 0.6775
20358 0.6830
20362 0.6887
20367 0.6944
20371 0.6999
20375 0.7049
20379 0.7095
20383 0.7144
20387 0.7197
20392 0.7247
20396 0.7291
20400 0.7330
20404 0.7367
20408 0.7406
20412 0.7443
20416 0.7473
20421 0.7497
20425 0.7523
20429 0.7550
20433 0.7579
20437 0.7604
20442 0.7618
20446 0.7631
20450 0.7649
20454 0.7673
20458 0.7701
20462 0.7725
20467 0.7742
20471 0.7758
20475 0.7776
20479 0.7794
20483 0.7808
20488 0.7818
20492 0.7827
20496 0.7840
20500 0.7860
20504 0.7878
20509 0.7891
20513 0.7901
20517 0.7910
20521 0.7924
20525 0.7938
20530 0.7945
20534 0.7947
20538 0.7950
20542 0.7958
20547 0.7974
20551 0.7991
20555 0.8004
20559 0.8013
20563 0.8025
20568 0.8039
20572 0.8052
20576 0.8063
20580 0.8069
20585 0.8077
20589 0.8090
20593 0.8104
20597 0.8114
20602 0.8120
20606 0.8123
20610 0.8130
20614 0.8141
20619 0.8150
20623 0.8155
20627 0.8159
20631 0.8164
20636 0.8176
20640 0.8191
20644 0.8203
20648 0.8213
20653 0.8227
20657 0.8241
20661 0.8255
20665 0.8264
20670 0.8264
20674 0.8265
20678 0.8276
20683 0.8296
20687 0.8319
20691 0.8335
20695 0.8342
20700 0.8348
20704 0.8360
20708 0.8375
20713 0.8389
20717 0.8399
20721 0.8406
20725 0.8419
20730 0.8436
20734 0.8449
20738 0.8454
20743 0.8453
20747 0.8452
20751 0.8460
20756 0.8475
20760 0.8488
20764 0.8498
20768 0.8506
20773 0.8512
20777 0.8519
20781 0.8524
20786 0.8524
20790 0.8525
20794 0.8531
20799 0.8541
20803 0.8551
20807 0.8554
20812 0.8551
20816 0.8552
20820 0.8561
20825 0.8576
20829 0.8589
20833 0.8597
20838 0.8598
20842 0.8601
20846 0.8609
20851 0.8614
20855 0.8615
20859 0.8613
20864 0.8612
20868 0.8616
20872 0.8623
20877 0.8625
20881 0.8623
20886 0.8621
20890 0.8622
20894 0.8628
20899 0.8632
20903 0.8630
20907 0.8625
20912 0.8626
20916 0.8631
20921 0.8641
20925 0.8648
20929 0.8647
20934 0.8645
20938 0.8645
20942 0.8647
20947 0.8648
20951 0.8648
20956 0.8647
20960 0.8651
20964 0.8658
20969 0.8663
20973 0.8662
20978 0.8659
20982 0.8657
20986 0.8659
20991 0.8662
20995 0.8658
21000 0.8649
21004 0.8642
21008 0.8641
21013 0.8649
21017 0.8657
21022 0.8659
21026 0.8659
21030 0.8660
21035 0.8663
21039 0.8666
21044 0.8663
21048 0.8653
21053 0.8645
21057 0.8646
21061 0.8650
21066 0.8652
21070 0.8648
21075 0.8638
21079 0.8633
21084 0.8636
21088 0.8638
21093 0.8637
21097 0.8630
21101 0.8623
21106 0.8624
21110 0.8631
21115 0.8636
21119 0.8636
21124 0.8631
21128 0.8626
21133 0.8627
21137 0.8630
21142 0.8630
21146 0.8629
21151 0.8629
21155 0.8630
21160 0.8631
21164 0.8630
21169 0.8624
21173 0.8619
21177 0.8619
21182 0.8621
21186 0.8621
21191 0.8619
21195 0.8613
21200 0.8612
21204 0.8615
21209 0.8617
21213 0.8616
21218 0.8613
21222 0.8610
21227 0.8613
21231 0.8619
21236 0.8622
21240 0.8622
21245 0.8623
21249 0.8626
21254 0.8634
21259 0.8639
21263 0.8638
21268 0.8632
21272 0.8626
21277 0.8623
21281 0.8623
21286 0.8622
21290 0.8620
21295 0.8623
21299 0.8631
21304 0.8639
21308 0.8645
21313 0.8646
21317 0.8643
21322 0.8645
21327 0.8651
21331 0.8655
21336 0.8655
21340 0.8651
21345 0.8648
21349 0.8653
21354 0.8662
21358 0.8669
21363 0.8673
21368 0.8675
21372 0.8680
21377 0.8689
21381 0.8698
21386 0.8700
21390 0.8700
21395 0.8702
21400 0.8707
21404 0.8715
21409 0.8719
21413 0.8718
21418 0.8718
21422 0.8719
21427 0.8720
21432 0.8717
21436 0.8708
21441 0.8698
21445 0.8696
21450 0.8704
21455 0.8716
21459 0.8728
21464 0.8734
21468 0.8738
21473 0.8744
21478 0.8751
21482 0.8754
21487 0.8753
21492 0.8752
21496 0.8753
21501 0.8760
21505 0.8767
21510 0.8769
21515 0.8768
21519 0.8769
21524 0.8774
21529 0.8781
21533 0.8786
21538 0.8786
21542 0.8787
21547 0.8792
21552 0.8797
21556 0.8801
21561 0.8801
21566 0.8798
21570 0.8801
21575 0.8809
21580 0.8815
21584 0.8817
21589 0.8814
21594 0.8809
21598 0.8808
21603 0.8811
21608 0.8811
21612 0.8810
21617 0.8808
21622 0.8807
21626 0.8812
21631 0.8816
21636 0.8814
21640 0.8810
21645 0.8807
21650 0.8806
21654 0.8808
21659 0.8808
21664 0.8806
21668 0.8806
21673 0.8810
21678 0.8814
21683 0.8816
21687 0.8812
21692 0.8805
21697 0.8801
21701 0.8801
21706 0.8800
21711 0.8795
21716 0.8788
21720 0.8782
21725 0.8784
21730 0.8790
21734 0.8791
21739 0.8786
21744 0.8777
21749 0.8768
21753 0.8765
21758 0.8764
21763 0.8761
21768 0.8758
21772 0.8757
21777 0.8758
21782 0.8758
21786 0.8754
21791 0.8744
21796 0.8736
21801 0.8733
21805 0.8734
21810 0.8736
21815 0.8735
21820 0.8732
21825 0.8731
21829 0.8731
21834 0.8727
21839 0.8718
21844 0.8705
21848 0.8693
21853 0.8688
21858 0.8688
21863 0.8684
21867 0.8676
21872 0.8667
21877 0.8660
21882 0.8657
21887 0.8653
21891 0.8644
21896 0.8632
21901 0.8625
21906 0.8621
21911 0.8621
21915 0.8617
21920 0.8608
21925 0.8600
21930 0.8595
21935 0.8594
21939 0.8593
21944 0.8588
21949 0.8579
21954 0.8572
21959 0.8568
21964 0.8561
21968 0.8550
21973 0.8537
21978 0.8526
21983 0.8524
21988 0.8529
21993 0.8533
21997 0.8533
22002 0.8533
22007 0.8536
22012 0.8542
22017 0.8547
22022 0.8544
22026 0.8535
22031 0.8526
22036 0.8520
22041 0.8518
22046 0.8515
22051 0.8508
22056 0.8503
22060 0.8503
22065 0.8506
22070 0.8508
22075 0.8506
22080 0.8502
22085 0.8501
22090 0.8504
22095 0.8505
22099 0.8502
22104 0.8496
22109 0.8492
22114 0.8499
22119 0.8512
22124 0.8523
22129 0.8529
22134 0.8528
22139 0.8527
22143 0.8530
22148 0.8535
22153 0.8538
22158 0.8543
22163 0.8550
22168 0.8561
22173 0.8571
22178 0.8576
22183 0.8573
22188 0.8571
22193 0.8574
22198 0.8581
22202 0.8589
22207 0.8591
22212 0.8590
22217 0.8594
22222 0.8605
22227 0.8617
22232 0.8626
22237 0.8628
22242 0.8628
22247 0.8634
22252 0.8645
22257 0.8655
22262 0.8664
22267 0.8671
22272 0.8679
22277 0.8691
22282 0.8701
22287 0.8704
22292 0.8703
22297 0.8704
22302 0.8707
22306 0.8713
22311 0.8717
22316 0.8714
22321 0.8714
22326 0.8720
22331 0.8730
22336 0.8739
22341 0.8741
22346 0.8739
22351 0.8740
22356 0.8747
22361 0.8751
22366 0.8748
22371 0.8736
22376 0.8722
22381 0.8717
22386 0.8721
22391 0.8725
22396 0.8727
22401 0.8726
22406 0.8725
22411 0.8729
22416 0.8731
22422 0.8725
22427 0.8715
22432 0.8706
22437 0.8703
22442 0.8705
22447 0.8705
22452 0.8696
22457 0.8687
22462 0.8683
22467 0.8684
22472 0.8685
22477 0.8680
22482 0.8668
22487 0.8661
22492 0.8662
22497 0.8666
22502 0.8669
22507 0.8665
22512 0.8657
22517 0.8655
22523 0.8657
22528 0.8657
22533 0.8652
22538 0.8641
22543 0.8632
22548 0.8632
22553 0.8635
22558 0.8635
22563 0.8630
22568 0.8623
22573 0.8619
22578 0.8621
22584 0.8624
22589 0.8622
22594 0.8621
22599 0.8624
22604 0.8631
22609 0.8639
22614 0.8641
22619 0.8636
22624 0.8634
22630 0.8635
22635 0.8639
22640 0.8643
22645 0.8643
22650 0.8643
22655 0.8650
22660 0.8662
22665 0.8672
22671 0.8678
22676 0.8682
22681 0.8687
22686 0.8698
22691 0.8708
22696 0.8708
22701 0.8704
22707 0.8700
22712 0.8702
22717 0.8712
22722 0.8718
22727 0.8716
22732 0.8711
22738 0.8708
22743 0.8706
22748 0.8703
22753 0.8690
22758 0.8667
22763 0.8645
22769 0.8628
22774 0.8614
22779 0.8598
22784 0.8571
22789 0.8539
22795 0.8508
22800 0.8478
22805 0.8441
22810 0.8395
22815 0.8337
22821 0.8276
22826 0.8218
22831 0.8159
22836 0.8092
22841 0.8015
22847 0.7930
22852 0.7842
22857 0.7756
22862 0.7666
22868 0.7568
22873 0.7465
22878 0.7359
22883 0.7250
22889 0.7137
22894 0.7016
22899 0.6887
22904 0.6757
22910 0.6630
22915 0.6502
22920 0.6371
22925 0.6235
22931 0.6094
22936 0.5956
22941 0.5817
22946 0.5675
22952 0.5530
22957 0.5385
22962 0.5243
22967 0.5107
22973 0.4973
22978 0.4836
22983 0.4696
22989 0.4557
22994 0.4422
22999 0.4294
23004 0.4167
23010 0.4035
23015 0.3901
23020 0.3769
23026 0.3641
23031 0.3521
23036 0.3407
23041 0.3295
23047 0.3188
23052 0.3083
23057 0.2978
23063 0.2875
23068 0.2772
23073 0.2671
23079 0.2575
23084 0.2483
23089 0.2393
23095 0.2305
23100 0.2219
23105 0.2137
23111 0.2059
23116 0.1984
23121 0.1912
23127 0.1841
23132 0.1773
23137 0.1706
23143 0.1642
23148 0.1578
23154 0.1514
23159 0.1451
23164 0.1389
23170 0.1330
23175 0.1276
23180 0.1226
23186 0.1180
23191 0.1136
23196 0.1093
23202 0.1050
23207 0.1009
23213 0.0969
23218 0.0932
23223 0.0896
23229 0.0859
23234 0.0824
23240 0.0790
23245 0.0761
23250 0.0734
23256 0.0706
23261 0.0676
23267 0.0644
23272 0.0612
23277 0.0583
23283 0.0557
23288 0.0533
23294 0.0509
23299 0.0485
23305 0.0463
23310 0.0445
23315 0.0429
23321 0.0415
23326 0.0401
23332 0.0387
23337 0.0372
23343 0.0356
23348 0.0340
23354 0.0322
23359 0.0304
23364 0.0288
23370 0.0275
23375 0.0265
23381 0.0255
23386 0.0244
23392 0.0233
23397 0.0222
23403 0.0211
23408 0.0201
23414 0.0191
23419 0.0183
23425 0.0178
23430 0.0174
23436 0.0171
23441 0.0167
23447 0.0158
23452 0.0149
23458 0.0140
23463 0.0134
23469 0.0131
23474 0.0128
23480 0.0124
23485 0.0117
23491 0.0110
23496 0.0104
23502 0.0099
23507 0.0095
23513 0.0092
23518 0.0088
23524 0.0086
23529 0.0085
23535 0.0085
23540 0.0084
23546 0.0081
23552 0.0075
23557 0.0068
23563 0.0061
23568 0.0056
23574 0.0053
23579 0.0051
23585 0.0052
23590 0.0052
23596 0.0054
23602 0.0054
23607 0.0054
23613 0.0052
23618 0.0049
23624 0.0046
23629 0.0042
23635 0.0039
23641 0.0036
23646 0.0033
23652 0.0029
23657 0.0025
23663 0.0022
23669 0.0022
23674 0.0023
23680 0.0024
23685 0.0024
23691 0.0023
23697 0.0023
23702 0.0026
23708 0.0031
23714 0.0037
23719 0.0041
23725 0.0040
23730 0.0035
23736 0.0028
23742 0.0023
23747 0.0021
23753 0.0020
23759 0.0019
23764 0.0018
23770 0.0016
23776 0.0015
23781 0.0015
23787 0.0017
23793 0.0019
23798 0.0021
23804 0.0021
23810 0.0021
23815 0.0021
23821 0.0021
23827 0.0021
23832 0.0022
23838 0.0023
23844 0.0026
23849 0.0028
23855 0.0029
23861 0.0027
23866 0.0024
23872 0.0021
23878 0.0020
23883 0.0022
23889 0.0025
23895 0.0027
23901 0.0026
23906 0.0021
23912 0.0014
23918 0.0008
23923 0.0005
23929 0.0005
23935 0.0005
23941 0.0006
23946 0.0007
23952 0.0008
23958 0.0010
23964 0.0010
23969 0.0010
23975 0.0011
23981 0.0012
23987 0.0014
23992 0.0017
23998 0.0020
24004 0.0023
24010 0.0026
24015 0.0026
24021 0.0023
24027 0.0018
24033 0.0011
24038 0.0005
24044 0.0002
24050 0.0002
24056 0.0004
24062 0.0007
24067 0.0010
24073 0.0013
24079 0.0015
24085 0.0018
24091 0.0019
24096 0.0018
24102 0.0015
24108 0.0013
24114 0.0013
24120 0.0014
24125 0.0016
24131 0.0018
24137 0.0018
24143 0.0019
24149 0.0019
24155 0.0018
24160 0.0015
24166 0.0012
24172 0.0010
24178 0.0011
24184 0.0014
24190 0.0017
24195 0.0016
24201 0.0012
24207 0.0008
24213 0.0006
24219 0.0007
24225 0.0010
24231 0.0011
24237 0.0010
24242 0.0008
24248 0.0007
24254 0.0007
24260 0.0008
24266 0.0008
24272 0.0008
24278 0.0008
24284 0.0008
24290 0.0009
24295 0.0010
24301 0.0010
24307 0.0009
24313 0.0009
24319 0.0010
24325 0.0012
24331 0.0014
24337 0.0015
24343 0.0015
24349 0.0013
24355 0.0010
24361 0.0005
24366 0.0002
24372 0.0001
24378 0.0003
24384 0.0005
24390 0.0006
24396 0.0005
24402 0.0004
24408 0.0003
24414 0.0003
24420 0.0006
24426 0.0009
24432 0.0013
24438 0.0015
24444 0.0016
24450 0.0015
24456 0.0012
24462 0.0010
24468 0.0008
24474 0.0007
24480 0.0006
24486 0.0004
24492 0.0002
24498 0.0000
24504 0.0001
24510 0.0005
24516 0.0009
24522 0.0012
24528 0.0011
24534 0.0008
24540 0.0004
24546 0.0001
24552 0.0000
24558 0.0002
24564 0.0003
24570 0.0005
24576 0.0007
24582 0.0010
24588 0.0012
24594 0.0013
24600 0.0011
24606 0.0009
24612 0.0005
24618 0.0003
24624 0.0001
24631 0.0000
24637 0.0002
24643 0.0006
24649 0.0011
24655 0.0016
24661 0.0019
24667 0.0018
24673 0.0013
24679 0.0009
24685 0.0006
24691 0.0006
24697 0.0008
24704 0.0011
24710 0.0012
24716 0.0011
24722 0.0010
24728 0.0008
24734 0.0008
24740 0.0007
24746 0.0005
24752 0.0004
24759 0.0003
24765 0.0004
24771 0.0007
24777 0.0011
24783 0.0013
24789 0.0013
24795 0.0012
24802 0.0010
24808 0.0008
24814 0.0005
24820 0.0004
24826 0.0002
24832 0.0002
24839 0.0004
24845 0.0009
24851 0.0013
24857 0.0015
24863 0.0013
24869 0.0009
24876 0.0005
24882 0.0005
24888 0.0006
24894 0.0009
24900 0.0010
24907 0.0011
24913 0.0011
24919 0.0012
24925 0.0015
24931 0.0018
24938 0.0020
24944 0.0018
24950 0.0012
24956 0.0005
24963 -0.0001
24969 -0.0004
24975 -0.0002
24981 0.0003
24988 0.0010
24994 0.0016
25000 0.0019
25006 0.0019
25013 0.0015
25019 0.0010
25025 0.0005
25031 0.0001
25038 -0.0001
25044 0.0000
25050 0.0004
25056 0.0009
25063 0.0011
25069 0.0011
25075 0.0010
25082 0.0007
25088 0.0006
25094 0.0005
25100 0.0004
25107 0.0002
25113 -0.0002
25119 -0.0005
25126 -0.0008
25132 -0.0008
25138 -0.0008
25145 -0.0007
25151 -0.0005
25157 -0.0002
25164 0.0002
25170 0.0004
25176 0.0005
25183 0.0006
25189 0.0006
25195 0.0006
25202 0.0006
25208 0.0006
25214 0.0005
25221 0.0005
25227 0.0006
25233 0.0008
25240 0.0007
25246 0.0004
25253 0.0000
25259 -0.0002
25265 0.0000
25272 0.0003
25278 0.0007
25284 0.0008
25291 0.0007
25297 0.0007
25304 0.0008
25310 0.0012
25316 0.0017
25323 0.0021
25329 0.0022
25336 0.0022
25342 0.0021
25349 0.0019
25355 0.0017
25361 0.0014
25368 0.0011
25374 0.0009
25381 0.0007
25387 0.0003
25394 -0.0001
25400 -0.0005
25407 -0.0005
25413 -0.0002
25419 0.0002
25426 0.0006
25432 0.0007
25439 0.0005
25445 0.0004
25452 0.0003
25458 0.0003
25465 0.0003
25471 0.0003
25478 0.0004
25484 0.0007
25491 0.0009
25497 0.0009
25504 0.0007
25510 0.0003
25517 -0.0002
25523 -0.0004
25530 -0.0004
25536 -0.0003
25543 -0.0001
25549 0.0001
25556 0.0003
25562 0.0003
25569 0.0001
25575 -0.0002
25582 -0.0005
25589 -0.0006
25595 -0.0004
25602 0.0000
25608 0.0004
25615 0.0008
25621 0.0010
25628 0.0012
25634 0.0015
25641 0.0015
25648 0.0013
25654 0.0007
25661 0.0003
25667 0.0000
25674 -0.0001
25681 -0.0001
25687 -0.0002
25694 -0.0005
25700 -0.0008
25707 -0.0009
25714 -0.0006
25720 0.0000
25727 0.0007
25733 0.0015
25740 0.0019
25747 0.0018
25753 0.0013
25760 0.0006
25767 0.0001
25773 0.0001
25780 0.0005
25786 0.0010
25793 0.0015
25800 0.0018
25806 0.0018
25813 0.0017
25820 0.0015
25826 0.0014
25833 0.0011
25840 0.0006
25846 -0.0001
25853 -0.0008
25860 -0.0014
25867 -0.0017
25873 -0.0016
25880 -0.0012
25887 -0.0006
25893 0.0002
25900 0.0007
25907 0.0010
25913 0.0011
25920 0.0010
25927 0.0008
25934 0.0006
25940 0.0002
25947 -0.0002
25954 -0.0005
25961 -0.0005
25967 -0.0003
25974 0.0000
25981 0.0003
25988 0.0005
25994 0.0005
26001 0.0003
26008 0.0001
26015 0.0000
26021 0.0000
26028 0.0001
26035 0.0003
26042 0.0006
26048 0.0008
26055 0.0009
26062 0.0008
26069 0.0007
26076 0.0006
26082 0.0005
26089 0.0003
26096 0.0001
26103 -0.0001
26110 -0.0003
26116 -0.0003
26123 -0.0001
26130 0.0003
26137 0.0008
26144 0.0013
26151 0.0015
26157 0.0013
26164 0.0007
26171 -0.0001
26178 -0.0007
26185 -0.0009
26192 -0.0009
26199 -0.0007
26205 -0.0006
26212 -0.0005
26219 -0.0005
26226 -0.0005
26233 -0.0003
26240 -0.0001
26247 0.0001
26254 0.0003
26261 0.0005
26267 0.0005
26274 0.0003
26281 0.0002
26288 0.0002
26295 0.0004
26302 0.0008
26309 0.0011
26316 0.0013
26323 0.0012
26330 0.0008
26337 0.0004
26344 0.0000
26350 -0.0002
26357 -0.0003
26364 -0.0002
26371 0.0000
26378 0.0000
26385 0.0001
26392 0.0001
26399 0.0001
26406 0.0001
26413 0.0000
26420 -0.0003
26427 -0.0004
26434 -0.0004
26441 -0.0004
26448 -0.0002
26455 -0.0002
26462 -0.0004
26469 -0.0005
26476 -0.0005
26483 -0.0003
26490 0.0001
26497 0.0005
26504 0.0009
26511 0.0010
26518 0.0009
26525 0.0006
26532 0.0001
26539 -0.0004
26546 -0.0006
26553 -0.0005
26560 -0.0003
26567 -0.0001
26575 -0.0001
26582 -0.0002
26589 -0.0004
26596 -0.0004
26603 -0.0003
26610 -0.0002
26617 0.0000
26624 0.0000
26631 0.0000
26638 0.0000
26645 0.0000
26652 0.0001
26660 0.0002
26667 0.0004
26674 0.0006
26681 0.0008
26688 0.0012
26695 0.0018
26702 0.0026
26709 0.0031
26717 0.0032
26724 0.0028
26731 0.0022
26738 0.0016
26745 0.0012
26752 0.0009
26759 0.0006
26767 0.0002
26774 -0.0003
26781 -0.0008
26788 -0.0010
26795 -0.0008
26802 -0.0005
26810 -0.0002
26817 -0.0001
26824 0.0000
26831 0.0000
26838 0.0002
26846 0.0006
26853 0.0009
26860 0.0010
26867 0.0008
26874 0.0004
26882 0.0000
26889 -0.0002
26896 -0.0004
26903 -0.0005
26911 -0.0006
26918 -0.0007
26925 -0.0006
26932 -0.0003
26940 0.0003
26947 0.0009
26954 0.0011
26961 0.0010
26969 0.0009
26976 0.0007
26983 0.0006
26991 0.0005
26998 0.0003
27005 0.0001
27012 0.0001
27020 0.0001
27027 0.0004
27034 0.0007
27042 0.0010
27049 0.0013
27056 0.0014
27064 0.0014
27071 0.0011
27078 0.0006
27086 0.0000
27093 -0.0006
27100 -0.0011
27108 -0.0012
27115 -0.0010
27122 -0.0008
27130 -0.0006
27137 -0.0005
27144 -0.0004
27152 -0.0005
27159 -0.0007
27167 -0.0010
27174 -0.0014
27181 -0.0016
27189 -0.0017
27196 -0.0014
27203 -0.0010
27211 -0.0004
27218 0.0000
27226 0.0002
27233 0.0000
27241 -0.0003
27248 -0.0006
27255 -0.0009
27263 -0.0008
27270 -0.0006
27278 -0.0005
27285 -0.0006
27293 -0.0008
27300 -0.0010
27307 -0.0010
27315 -0.0009
27322 -0.0006
27330 -0.0003
27337 0.0001
27345 0.0006
27352 0.0010
27360 0.0013
27367 0.0013
27375 0.0009
27382 0.0004
27390 -0.0001
27397 -0.0006
27405 -0.0010
27412 -0.0013
27420 -0.0013
27427 -0.0010
27435 -0.0005
27442 0.0000
27450 0.0004
27457 0.0005
27465 0.0004
27473 0.0000
27480 -0.0004
27488 -0.0006
27495 -0.0006
27503 -0.0004
27510 -0.0001
27518 0.0002
27525 0.0004
27533 0.0005
27541 0.0004
27548 0.0003
27556 0.0003
27563 0.0003
27571 0.0002
27579 0.0001
27586 0.0000
27594 0.0000
27601 0.0000
27609 0.0001
27617 0.0000
27624 -0.0003
27632 -0.0007
27640 -0.0009
27647 -0.0008
27655 -0.0006
27663 -0.0005
27670 -0.0005
27678 -0.0005
27685 -0.0005
27693 -0.0004
27701 -0.0003
27709 -0.0003
27716 -0.0004
27724 -0.0005
27732 -0.0006
27739 -0.0007
27747 -0.0008
27755 -0.0008
27762 -0.0007
27770 -0.0004
27778 -0.0001
27785 0.0001
27793 0.0001
27801 -0.0001
27809 -0.0004
27816 -0.0006
27824 -0.0007
27832 -0.0008
27840 -0.0009
27847 -0.0010
27855 -0.0012
27863 -0.0012
27871 -0.0011
27878 -0.0010
27886 -0.0009
27894 -0.0006
27902 -0.0002
27910 0.0002
27917 0.0006
27925 0.0006
27933 0.0005
27941 0.0002
27949 -0.0001
27956 -0.0002
27964 -0.0002
27972 -0.0002
27980 -0.0001
27988 0.0000
27996 0.0001
28003 0.0003
28011 0.0004
28019 0.0004
28027 0.0002
28035 0.0000
28043 -0.0002
28050 -0.0002
28058 0.0000
28066 0.0004
28074 0.0007
28082 0.0011
28090 0.0011
28098 0.0008
28106 0.0002
28114 -0.0005
28121 -0.0011
28129 -0.0015
28137 -0.0016
28145 -0.0016
28153 -0.0016
28161 -0.0015
28169 -0.0013
28177 -0.0010
28185 -0.0008
28193 -0.0006
28201 -0.0006
28209 -0.0006
28217 -0.0005
28225 -0.0004
28233 -0.0004
28241 -0.0004
28249 -0.0006
28257 -0.0007
28265 -0.0008
28273 -0.0006
28281 -0.0004
28289 -0.0001
28297 0.0001
28305 0.0002
28313 0.0002
28321 0.0002
28329 0.0001
28337 0.0000
28345 -0.0002
28353 -0.0003
28361 -0.0003
28369 -0.0003
28377 -0.0002
28385 -0.0002
28393 -0.0004
28401 -0.0006
28409 -0.0008
28417 -0.0008
28425 -0.0006
28433 -0.0004
28441 -0.0003
28450 -0.0003
28458 -0.0004
28466 -0.0004
28474 -0.0003
28482 -0.0001
28490 0.0002
28498 0.0004
28506 0.0005
28514 0.0006
28523 0.0007
28531 0.0007
28539 0.0006
28547 0.0003
28555 0.0000
28563 -0.0003
28571 -0.0003
28580 -0.0001
28588 0.0000
28596 0.0001
28604 0.0000
28612 -0.0001
28620 -0.0002
28629 -0.0004
28637 -0.0005
28645 -0.0006
28653 -0.0007
28662 -0.0007
28670 -0.0007
28678 -0.0008
28686 -0.0009
28694 -0.0009
28703 -0.0007
28711 -0.0004
28719 0.0000
28727 0.0002
28736 0.0002
28744 0.0000
28752 -0.0001
28760 -0.0003
28769 -0.0003
28777 -0.0002
28785 -0.0002
28794 0.0000
28802 0.0001
28810 0.0002
28818 0.0003
28827 0.0004
28835 0.0004
28843 0.0004
28852 0.0003
28860 0.0002
28868 0.0002
28877 0.0003
28885 0.0005
28893 0.0006
28902 0.0006
28910 0.0004
28918 0.0001
28927 -0.0002
28935 -0.0005
28944 -0.0007
28952 -0.0008
28960 -0.0008
28969 -0.0006
28977 -0.0002
28986 0.0001
28994 0.0004
29002 0.0004
29011 0.0001
29019 -0.0002
29028 -0.0003
29036 -0.0002
29044 0.0001
29053 0.0004
29061 0.0005
29070 0.0004
29078 0.0001
29087 -0.0004
29095 -0.0010
29104 -0.0015
29112 -0.0016
29121 -0.0015
29129 -0.0012
29138 -0.0008
29146 -0.0005
29155 -0.0004
29163 -0.0004
29172 -0.0005
29180 -0.0005
29189 -0.0006
29197 -0.0009
29206 -0.0011
29214 -0.0012
29223 -0.0010
29231 -0.0005
29240 -0.0001
29248 0.0002
29257 0.0002
29265 0.0002
29274 0.0003
29283 0.0004
29291 0.0005
29300 0.0006
29308 0.0005
29317 0.0004
29326 0.0001
29334 -0.0002
29343 -0.0005
29351 -0.0006
29360 -0.0005
29369 -0.0004
29377 -0.0001
29386 0.0000
29394 0.0002
29403 0.0003
29412 0.0005
29420 0.0008
29429 0.0009
29438 0.0008
29446 0.0004
29455 -0.0001
29464 -0.0005
29472 -0.0007
29481 -0.0007
29490 -0.0005
29499 -0.0004
29507 -0.0003
29516 -0.0003
29525 -0.0005
29533 -0.0007
29542 -0.0008
29551 -0.0008
29560 -0.0006
29568 -0.0005
29577 -0.0004
29586 -0.0005
29595 -0.0005
29603 -0.0005
29612 -0.0002
29621 0.0002
29630 0.0005
29638 0.0007
29647 0.0007
29656 0.0005
29665 0.0004
29674 0.0003
29682 0.0003
29691 0.0003
29700 0.0003
29709 0.0004
29718 0.0004
29727 0.0003
29735 0.0001
29744 0.0000
29753 -0.0002
29762 -0.0004
29771 -0.0004
29780 -0.0004
29789 -0.0003
29797 -0.0002
29806 -0.0001
29815 -0.0001
29824 -0.0001
29833 -0.0001
29842 0.0000
29851 0.0002
29860 0.0004
29869 0.0004
29878 0.0003
29886 0.0002
29895 0.0001
29904 0.0003
29913 0.0005
29922 0.0007
29931 0.0006
29940 0.0003
29949 0.0000
29958 -0.0003
29967 -0.0004
29976 -0.0004
29985 -0.0003
29994 -0.0003
30003 -0.0002
30012 -0.0002
30021 -0.0001
30030 0.0000
30039 0.0001
30048 0.0001
30057 0.0001
30066 0.0000
30075 -0.0001
30084 -0.0002
30093 -0.0002
30102 -0.0002
30111 -0.0001
30120 -0.0001
30130 -0.0002
30139 -0.0002
30148 -0.0004
30157 -0.0006
30166 -0.0008
30175 -0.0009
30184 -0.0007
30193 -0.0005
30202 -0.0002
30211 0.0000
30221 0.0000
30230 -0.0001
30239 -0.0001
30248 0.0000
30257 0.0002
30266 0.0001
30276 0.0000
30285 -0.0001
30294 -0.0001
30303 0.0000
30312 0.0002
30321 0.0003
30331 0.0003
30340 0.0003
30349 0.0002
30358 0.0002
30367 0.0002
30377 0.0001
30386 0.0001
30395 0.0000
30404 -0.0001
30414 -0.0002
30423 -0.0004
30432 -0.0005
30441 -0.0005
30451 -0.0005
30460 -0.0004
30469 -0.0002
30479 -0.0001
30488 -0.0001
30497 -0.0001
30506 -0.0001
30516 0.0000
30525 0.0001
30534 0.0001
30544 0.0000
30553 -0.0001
30562 -0.0002
30572 -0.0004
30581 -0.0005
30590 -0.0006
30600 -0.0006
30609 -0.0006
30618 -0.0005
30628 -0.0003
30637 -0.0002
30647 -0.0002
30656 -0.0002
30665 -0.0003
30675 -0.0003
30684 -0.0003
30694 -0.0003
30703 -0.0004
30713 -0.0005
30722 -0.0005
30731 -0.0005
30741 -0.0003
30750 -0.0001
30760 0.0000
30769 -0.0001
30779 -0.0003
30788 -0.0004
30798 -0.0004
30807 -0.0003
30817 -0.0003
30826 -0.0002
30836 -0.0001
30845 0.0001
30855 0.0004
30864 0.0006
30874 0.0007
30883 0.0005
30893 0.0000
30902 -0.0005
30912 -0.0008
30921 -0.0009
30931 -0.0006
30941 -0.0003
30950 0.0001
30960 0.0004
30969 0.0005
30979 0.0005
30989 0.0004
30998 0.0002
31008 0.0000
31017 -0.0002
31027 -0.0004
31037 -0.0007
31046 -0.0010
31056 -0.0012
31066 -0.0012
31075 -0.0010
31085 -0.0006
31095 -0.0003
31104 -0.0002
31114 -0.0002
31124 -0.0003
31133 -0.0002
31143 0.0000
31153 0.0004
31162 0.0007
31172 0.0009
31182 0.0008
31192 0.0005
31201 0.0002
31211 0.0000
31221 -0.0001
31230 -0.0001
31240 -0.0001
31250 -0.0001
31260 -0.0001
31270 -0.0002
31279 -0.0002
31289 -0.0001
31299 -0.0001
31309 0.0000
31319 -0.0001
31328 -0.0002
31338 -0.0004
31348 -0.0007
31358 -0.0009
31368 -0.0010
31377 -0.0009
31387 -0.0008
31397 -0.0006
31407 -0.0004
31417 -0.0001
31427 0.0002
31437 0.0005
31447 0.0005
31456 0.0003
31466 -0.0001
31476 -0.0005
31486 -0.0007
31496 -0.0006
31506 -0.0003
31516 0.0000
31526 0.0001
31536 0.0002
31546 0.0002
31556 0.0002
31566 0.0003
31576 0.0003
31586 0.0002
31596 0.0000
31606 -0.0003
31616 -0.0004
31626 -0.0004
31636 -0.0004
31646 -0.0003
31656 -0.0002
31666 0.0000
31676 0.0003
31686 0.0006
31696 0.0009
31706 0.0010
31716 0.0008
31726 0.0005
31736 0.0002
31746 0.0000
31756 -0.0002
31766 -0.0003
31776 -0.0004
31786 -0.0005
31797 -0.0005
31807 -0.0005
31817 -0.0004
31827 -0.0002
31837 -0.0001
31847 0.0000
31857 0.0001
31867 0.0001
31878 0.0002
31888 0.0002
31898 0.0002
31908 0.0001
31918 0.0001
31928 0.0002
31939 0.0003
31949 0.0004
31959 0.0003
31969 0.0001
31980 -0.0001
31990 -0.0002
32000 -0.0002
32010 0.0000
32020 0.0003
32031 0.0005
32041 0.0006
32051 0.0005
32062 0.0002
32072 0.0000
32082 0.0000
32092 0.0002
32103 0.0005
32113 0.0007
32123 0.0006
32134 0.0005
32144 0.0004
32154 0.0005
32165 0.0006
32175 0.0006
32185 0.0005
32196 0.0001
32206 -0.0003
32216 -0.0004
32227 -0.0002
32237 0.0002
32248 0.0004
32258 0.0005
32268 0.0005
32279 0.0004
32289 0.0003
32300 0.0002
32310 0.0002
32321 0.0002
32331 0.0002
32342 0.0002
32352 0.0002
32362 0.0003
32373 0.0003
32383 0.0003
32394 0.0003
32404 0.0001
32415 0.0000
32425 -0.0001
32436 0.0000
32446 0.0001
32457 0.0003
32468 0.0003
32478 0.0001
32489 -0.0002
32499 -0.0005
32510 -0.0006
32520 -0.0005
32531 -0.0002
32541 0.0001
32552 0.0004
32563 0.0005
32573 0.0003
32584 -0.0001
32595 -0.0005
32605 -0.0008
32616 -0.0009
32626 -0.0007
32637 -0.0004
32648 0.0000
32658 0.0003
32669 0.0003
32680 0.0001
32690 -0.0002
32701 -0.0004
32712 -0.0005
32723 -0.0004
32733 -0.0001
32744 0.0002
32755 0.0005
32765 0.0006
32776 0.0005
32787 0.0004
32798 0.0001
32808 -0.0001
32819 -0.0003
32830 -0.0005
32841 -0.0006
32852 -0.0006
32862 -0.0005
32873 -0.0005
32884 -0.0005
32895 -0.0007
32906 -0.0009
32916 -0.0010
32927 -0.0008
32938 -0.0006
32949 -0.0004
32960 -0.0002
32971 0.0000
32982 0.0000
32992 0.0000
33003 0.0001
33014 0.0001
33025 0.0001
33036 0.0000
33047 0.0000
33058 0.0000
33069 -0.0001
33080 -0.0002
33091 -0.0004
33102 -0.0004
33113 -0.0005
33124 -0.0005
33135 -0.0004
33146 -0.0003
33156 -0.0003
33167 -0.0003
33179 -0.0004
33190 -0.0006
33201 -0.0009
33212 -0.0010
33223 -0.0011
33234 -0.0011
33245 -0.0010
33256 -0.0009
33267 -0.0007
33278 -0.0005
33289 -0.0003
33300 -0.0002
33311 -0.0002
33322 -0.0002
33333 -0.0003
33344 -0.0003
33356 -0.0003
33367 -0.0003
33378 -0.0003
33389 -0.0004
33400 -0.0006
33411 -0.0007
33422 -0.0006
33434 -0.0003
33445 0.0001
33456 0.0005
33467 0.0006
33478 0.0005
33490 0.0003
33501 0.0001
33512 -0.0001
33523 -0.0003
33535 -0.0005
33546 -0.0005
33557 -0.0005
33568 -0.0005
33580 -0.0004
33591 -0.0003
33602 -0.0002
33613 -0.0003
33625 -0.0003
33636 -0.0003
33647 -0.0002
33659 0.0000
33670 0.0001
33681 0.0003
33693 0.0002
33704 0.0000
33715 -0.0003
33727 -0.0007
33738 -0.0010
33750 -0.0009
33761 -0.0007
33772 -0.0003
33784 0.0000
33795 0.0002
33807 0.0003
33818 0.0004
33829 0.0005
33841 0.0005
33852 0.0004
33864 0.0002
33875 -0.0001
33887 -0.0004
33898 -0.0005
33910 -0.0006
33921 -0.0006
33933 -0.0007
33944 -0.0009
33956 -0.0010
33967 -0.0011
33979 -0.0010
33990 -0.0009
34002 -0.0007
34014 -0.0005
34025 -0.0005
34037 -0.0006
34048 -0.0008
34060 -0.0010
34072 -0.0011
34083 -0.0012
34095 -0.0012
34106 -0.0011
34118 -0.0009
34130 -0.0006
34141 -0.0002
34153 0.0000
34165 -0.0001
34176 -0.0003
34188 -0.0006
34200 -0.0008
34211 -0.0007
34223 -0.0005
34235 -0.0004
34247 -0.0003
34258 -0.0003
34270 -0.0003
34282 -0.0003
34294 -0.0002
34305 -0.0001
34317 -0.0001
34329 -0.0001
34341 0.0000
34352 0.0001
34364 0.0002
34376 0.0004
34388 0.0004
34400 0.0004
34412 0.0002
34423 0.0001
34435 0.0000
34447 0.0000
34459 0.0000
34471 0.0000
34483 0.0001
34495 0.0003
34507 0.0003
34518 0.0002
34530 0.0001
34542 0.0000
34554 0.0000
34566 0.0001
34578 0.0002
34590 0.0003
34602 0.0004
34614 0.0004
34626 0.0004
34638 0.0005
34650 0.0005
34662 0.0004
34674 0.0002
34686 0.0000
34698 -0.0003
34710 -0.0005
34722 -0.0006
34734 -0.0006
34746 -0.0006
34758 -0.0005
34771 -0.0003
34783 -0.0002
34795 0.0000
34807 0.0001
34819 0.0002
34831 0.0002
34843 0.0001
34855 -0.0001
34868 -0.0002
34880 -0.0003
34892 -0.0001
34904 0.0003
34916 0.0007
34928 0.0010
34941 0.0012
34953 0.0011
34965 0.0008
34977 0.0005
34990 0.0002
35002 0.0000
35014 -0.0001
35026 -0.0002
35039 -0.0002
35051 -0.0002
35063 -0.0001
35075 0.0000
35088 0.0001
35100 0.0001
35112 0.0001
35125 0.0000
35137 -0.0001
35149 -0.0001
35162 0.0000
35174 0.0001
35186 0.0002
35199 0.0002
35211 0.0001
35224 0.0000
35236 -0.0002
35249 -0.0003
35261 -0.0004
35273 -0.0004
35286 -0.0004
35298 -0.0002
35311 -0.0001
35323 0.0000
35336 0.0000
35348 0.0000
35361 -0.0001
35373 -0.0001
35386 0.0000
35398 0.0000
35411 0.0001
35423 0.0000
35436 0.0000
35448 -0.0001
35461 -0.0002
35474 -0.0003
35486 -0.0003
35499 -0.0002
35511 -0.0001
35524 -0.0001
35537 0.0000
35549 0.0000
35562 -0.0001
35575 -0.0001
35587 -0.0001
35600 -0.0001
35613 -0.0001
35625 0.0000
35638 0.0000
35651 0.0001
35663 0.0002
35676 0.0002
35689 0.0002
35702 0.0001
35714 0.0000
35727 -0.0001
35740 -0.0001
35753 -0.0001
35765 -0.0001
35778 0.0000
35791 0.0000
35804 0.0001
35817 0.0002
35829 0.0003
35842 0.0004
35855 0.0003
35868 0.0002
35881 0.0002
35894 0.0001
35907 0.0001
35920 0.0000
35932 -0.0001
35945 -0.0004
35958 -0.0005
35971 -0.0005
35984 -0.0003
35997 0.0001
36010 0.0004
36023 0.0006
36036 0.0007
36049 0.0006
36062 0.0005
36075 0.0004
36088 0.0004
36101 0.0005
36114 0.0005
36127 0.0005
36140 0.0004
36153 0.0002
36166 0.0001
36179 0.0000
36193 0.0000
36206 0.0002
36219 0.0003
36232 0.0004
36245 0.0004
36258 0.0003
36271 0.0002
36284 0.0002
36298 0.0001
36311 0.0000
36324 -0.0001
36337 -0.0002
36350 -0.0002
36364 -0.0002
36377 0.0000
36390 0.0003
36403 0.0005
36417 0.0006
36430 0.0006
36443 0.0004
36456 0.0003
36470 0.0002
36483 0.0002
36496 0.0001
36510 0.0001
36523 0.0000
36536 -0.0001
36550 -0.0002
36563 -0.0002
36576 -0.0001
36590 -0.0001
36603 -0.0001
36617 -0.0001
36630 -0.0001
36643 -0.0001
36657 -0.0001
36670 0.0000
36684 0.0000
36697 0.0000
36711 -0.0001
36724 -0.0002
36738 -0.0003
36751 -0.0004
36765 -0.0004
36778 -0.0003
36792 0.0000
36805 0.0002
36819 0.0003
36832 0.0004
36846 0.0004
36860 0.0003
36873 0.0003
36887 0.0002
36900 0.0001
36914 0.0000
36928 0.0000
36941 0.0000
36955 0.0000
36969 0.0001
36982 0.0002
36996 0.0003
37010 0.0003
37023 0.0003
37037 0.0003
37051 0.0003
37064 0.0004
37078 0.0004
37092 0.0004
37106 0.0004
37120 0.0002
37133 0.0001
37147 0.0000
37161 -0.0001
37175 0.0000
37189 0.0000
37202 0.0000
37216 -0.0001
37230 -0.0003
37244 -0.0003
37258 -0.0003
37272 -0.0002
37286 -0.0001
37300 0.0000
37313 0.0001
37327 0.0002
37341 0.0001
37355 0.0001
37369 0.0000
37383 -0.0001
37397 -0.0001
37411 0.0000
37425 0.0001
37439 0.0002
37453 0.0002
37467 0.0003
37481 0.0003
37495 0.0003
37509 0.0004
37523 0.0005
37538 0.0005
37552 0.0005
37566 0.0005
37580 0.0004
37594 0.0003
37608 0.0001
37622 0.0000
37636 -0.0001
37651 -0.0002
37665 -0.0003
37679 -0.0003
37693 -0.0002
37707 0.0000
37722 0.0002
37736 0.0003
37750 0.0005
37764 0.0005
37779 0.0004
37793 0.0003
37807 0.0002
37821 0.0001
37836 0.0001
37850 0.0001
37864 0.0001
37879 0.0000
37893 0.0000
37908 0.0000
37922 0.0000
37936 0.0000
37951 0.0000
37965 -0.0001
37979 -0.0001
37994 -0.0001
38008 -0.0002
38023 -0.0002
38037 -0.0001
38052 0.0000
38066 0.0001
38081 0.0001
38095 0.0001
38110 0.0001
38124 0.0001
38139 0.0001
38153 0.0000
38168 0.0000
38183 0.0000
38197 0.0000
38212 0.0000
38226 0.0001
38241 0.0001
38256 0.0001
38270 0.0001
38285 0.0000
38300 -0.0001
38314 -0.0001
38329 -0.0001
38344 0.0000
38358 0.0001
38373 0.0002
38388 0.0002
38402 0.0003
38417 0.0003
38432 0.0003
38447 0.0002
38462 0.0002
38476 0.0002
38491 0.0002
38506 0.0002
38521 0.0001
38536 0.0000
38551 0.0000
38565 0.0000
38580 0.0000
38595 0.0002
38610 0.0003
38625 0.0004
38640 0.0004
38655 0.0003
38670 0.0002
38685 0.0001
38700 0.0000
38715 0.0000
38730 -0.0001
38745 -0.0001
38760 0.0000
38775 0.0000
38790 0.0001
38805 0.0002
38820 0.0002
38835 0.0001
38850 0.0001
38865 0.0001
38880 0.0001
38895 0.0001
38911 0.0002
38926 0.0002
38941 0.0002
38956 0.0001
38971 0.0001
38986 0.0000
39002 0.0000
39017 0.0000
39032 0.0001
39047 0.0002
39062 0.0002
39078 0.0001
39093 0.0001
39108 0.0001
39124 0.0001
39139 0.0000
39154 0.0000
39170 0.0000
39185 0.0000
39200 0.0000
39216 0.0000
39231 0.0000
39246 0.0000
39262 0.0000
39277 0.0000
39293 0.0000
39308 0.0000
39324 0.0000
39339 0.0000
39355 0.0000
39370 0.0000
39386 0.0000
39401 0.0000
39417 0.0000
39432 0.0000
39448 0.0000
39463 0.0000
39479 -0.0001
39494 -0.0002
39510 -0.0002
39526 -0.0002
39541 -0.0002
39557 -0.0002
39573 -0.0001
39588 -0.0001
39604 -0.0002
39620 -0.0001
39635 -0.0001
39651 -0.0001
39667 0.0000
39683 -0.0001
39698 -0.0001
39714 -0.0002
39730 -0.0002
39746 -0.0001
39761 -0.0001
39777 -0.0001
39793 -0.0001
39809 -0.0001
39825 -0.0001
39841 -0.0001
39857 0.0000
39872 0.0000
39888 0.0001
39904 0.0001
39920 0.0001
39936 0.0001
39952 0.0001
39968 0.0001
39984 0.0000
40000 0.0000
40016 0.0000
40032 -0.0001
40048 -0.0001
40064 -0.0001
40080 0.0000
40096 -0.0001
40112 -0.0001
40128 -0.0001
40145 -0.0002
40161 -0.0001
40177 0.0000
40193 0.0001
40209 0.0003
40225 0.0004
40241 0.0004
40258 0.0004
40274 0.0003
40290 0.0003
40306 0.0003
40323 0.0003
40339 0.0003
40355 0.0001
40371 -0.0001
40388 -0.0003
40404 -0.0003
40420 -0.0003
40437 -0.0001
40453 0.0000
40469 0.0001
40486 0.0001
40502 0.0000
40519 0.0000
40535 -0.0001
40552 -0.0002
40568 -0.0002
40584 -0.0001
40601 -0.0001
40617 0.0000
40634 0.0000
40650 -0.0001
40667 -0.0002
40683 -0.0003
40700 -0.0002
40717 -0.0001
40733 0.0000
40750 0.0000
40766 0.0001
40783 0.0001
40800 0.0001
40816 0.0001
40833 0.0001
40850 0.0001
40866 0.0000
40883 0.0000
40900 0.0000
40917 0.0001
40933 0.0001
40950 0.0001
40967 0.0000
40984 0.0000
41000 0.0000
41017 0.0000
41034 0.0000
41051 0.0000
41068 0.0000
41085 0.0000
41102 0.0000
41118 0.0001
41135 0.0002
41152 0.0002
41169 0.0002
41186 0.0002
41203 0.0002
41220 0.0001
41237 0.0000
41254 0.0000
41271 0.0000
41288 0.0000
41305 0.0000
41322 0.0000
41339 0.0001
41356 0.0002
41374 0.0002
41391 0.0001
41408 0.0001
41425 0.0000
41442 0.0000
41459 0.0000
41477 0.0000
41494 0.0001
41511 0.0001
41528 0.0000
41545 -0.0001
41563 -0.0001
41580 -0.0002
41597 -0.0001
41615 0.0000
41632 0.0000
41649 0.0000
41667 0.0000
41684 -0.0001
41701 -0.0002
41719 -0.0002
41736 -0.0002
41754 -0.0001
41771 -0.0001
41789 -0.0001
41806 -0.0002
41824 -0.0002
41841 -0.0003
41859 -0.0002
41876 -0.0001
41894 0.0000
41911 0.0001
41929 0.0003
41946 0.0003
41964 0.0003
41982 0.0002
41999 0.0001
42017 0.0000
42034 0.0000
42052 0.0000
42070 0.0001
42088 0.0001
42105 0.0000
42123 -0.0001
42141 -0.0003
42159 -0.0005
42176 -0.0006
42194 -0.0006
42212 -0.0006
42230 -0.0004
42248 -0.0002
42265 0.0000
42283 0.0001
42301 0.0001
42319 0.0001
42337 0.0000
42355 0.0000
42373 0.0000
42391 0.0000
42409 -0.0001
42427 -0.0002
42445 -0.0002
42463 -0.0002
42481 -0.0002
42499 -0.0002
42517 -0.0001
42535 -0.0001
42553 0.0000
42571 0.0000
42589 0.0001
42608 0.0002
42626 0.0003
42644 0.0004
42662 0.0004
42680 0.0003
42699 0.0002
42717 0.0002
42735 0.0002
42753 0.0002
42772 0.0002
42790 0.0001
42808 0.0000
42827 -0.0002
42845 -0.0003
42863 -0.0003
42882 -0.0002
42900 0.0000
42918 0.0000
42937 0.0000
42955 -0.0001
42974 -0.0003
42992 -0.0005
43011 -0.0005
43029 -0.0005
43048 -0.0004
43066 -0.0002
43085 -0.0001
43103 0.0000
43122 0.0000
43141 0.0001
43159 0.0002
43178 0.0003
43197 0.0004
43215 0.0004
43234 0.0003
43253 0.0002
43271 0.0000
43290 0.0000
43309 -0.0001
43328 0.0000
43346 0.0000
43365 -0.0001
43384 -0.0001
43403 -0.0002
43422 -0.0001
43440 -0.0001
43459 0.0000
43478 0.0002
43497 0.0003
43516 0.0004
43535 0.0005
43554 0.0005
43573 0.0006
43592 0.0005
43611 0.0005
43630 0.0003
43649 0.0002
43668 0.0000
43687 -0.0001
43706 -0.0001
43725 -0.0001
43745 -0.0001
43764 0.0000
43783 0.0001
43802 0.0001
43821 0.0001
43840 0.0000
43860 0.0000
43879 -0.0001
43898 -0.0002
43917 -0.0002
43937 -0.0002
43956 -0.0002
43975 -0.0001
43995 0.0000
44014 0.0000
44033 0.0000
44053 0.0000
44072 0.0000
44092 0.0000
44111 0.0000
44131 0.0000
44150 0.0000
44170 0.0000
44189 0.0000
44209 -0.0001
44228 -0.0001
44248 -0.0001
44267 0.0000
44287 0.0000
44307 0.0001
44326 0.0001
44346 0.0001
44366 0.0001
44385 0.0000
44405 0.0000
44425 -0.0001
44444 -0.0002
44464 -0.0003
44484 -0.0003
44504 -0.0003
44524 -0.0002
44543 -0.0001
44563 0.0000
44583 0.0001
44603 0.0002
44623 0.0002
44643 0.0001
44663 0.0000
44683 -0.0001
44703 -0.0002
44723 -0.0002
44743 -0.0002
44763 -0.0001
44783 0.0000
44803 0.0000
44823 -0.0001
44843 -0.0001
44863 -0.0001
44883 -0.0001
44903 -0.0001
44924 -0.0001
44944 -0.0001
44964 -0.0001
44984 -0.0001
45005 -0.0001
45025 -0.0001
45045 -0.0001
45065 -0.0001
45086 -0.0001
45106 0.0000
45126 0.0000
45147 0.0000
45167 0.0000
45188 0.0000
45208 0.0000
45228 0.0000
45249 0.0000
45269 -0.0001
45290 -0.0001
45310 0.0000
45331 0.0000
45351 0.0001
45372 0.0001
45393 0.0001
45413 0.0001
45434 0.0001
45455 0.0002
45475 0.0002
45496 0.0001
45517 0.0001
45537 0.0000
45558 0.0000
45579 0.0000
45600 0.0000
45620 0.0000
45641 0.0000
45662 0.0000
45683 0.0000
45704 0.0000
45725 0.0000
45746 0.0000
45767 -0.0001
45788 -0.0001
45809 -0.0001
45830 -0.0001
45851 -0.0001
45872 0.0000
45893 0.0000
45914 -0.0001
45935 0.0000
45956 0.0000
45977 0.0001
45998 0.0002
46019 0.0003
46041 0.0003
46062 0.0003
46083 0.0003
46104 0.0002
46125 0.0002
46147 0.0001
46168 0.0001
46189 0.0001
46211 0.0001
46232 0.0001
46253 0.0001
46275 0.0000
46296 0.0000
46318 0.0000
46339 0.0000
46361 0.0000
46382 0.0001
46404 0.0001
46425 0.0000
46447 0.0000
46468 0.0000
46490 0.0000
46512 -0.0001
46533 -0.0002
46555 -0.0003
46577 -0.0003
46598 -0.0003
46620 -0.0002
46642 -0.0001
46664 0.0000
46685 0.0001
46707 0.0002
46729 0.0002
46751 0.0002
46773 0.0002
46795 0.0001
46816 0.0001
46838 0.0001
46860 0.0001
46882 0.0001
46904 0.0000
46926 0.0000
46948 0.0000
46970 0.0000
46992 0.0000
47015 0.0000
47037 0.0000
47059 -0.0001
47081 -0.0001
47103 -0.0001
47125 -0.0001
47148 -0.0001
47170 0.0000
47192 0.0000
47214 0.0000
47237 0.0001
47259 0.0001
47281 0.0001
47304 0.0001
47326 0.0000
47348 0.0000
47371 0.0000
47393 0.0000
47416 -0.0001
47438 -0.0001
47461 -0.0001
47483 -0.0001
47506 -0.0001
47529 0.0000
47551 0.0000
47574 0.0001
47596 0.0001
47619 0.0001
47642 0.0001
47664 0.0002
47687 0.0002
47710 0.0003
47733 0.0003
47755 0.0003
47778 0.0003
47801 0.0002
47824 0.0001
47847 0.0001
47870 0.0001
47893 0.0001
47916 0.0001
47939 0.0001
47962 0.0000
47985 -0.0001
48008 -0.0002
48031 -0.0002
48054 -0.0001
48077 -0.0001
48100 0.0000
48123 0.0000
48146 0.0000
48170 0.0000
48193 0.0000
48216 0.0000
48239 0.0000
48263 0.0000
48286 0.0000
48309 0.0000
48333 0.0001
48356 0.0001
48379 0.0001
48403 0.0000
48426 0.0000
48450 0.0000
48473 0.0000
48497 0.0000
48520 0.0000
48544 0.0000
48567 0.0000
48591 0.0000
48614 0.0000
48638 0.0000
48662 0.0000
48685 0.0000
48709 0.0000
48733 0.0000
48757 0.0000
48780 0.0000
48804 0.0000
48828 0.0000
48852 0.0000
48876 0.0000
48900 0.0000
48924 0.0000
48948 0.0000
48972 -0.0001
48996 -0.0001
49020 -0.0001
49044 -0.0001
49068 0.0000
49092 0.0000
49116 0.0000
49140 0.0000
49164 0.0000
49188 0.0001
49213 0.0001
49237 0.0001
49261 0.0001
49285 0.0001
49310 0.0000
49334 0.0000
49358 -0.0001
49383 -0.0001
49407 -0.0002
49432 -0.0002
49456 -0.0001
49480 -0.0001
49505 -0.0001
49529 -0.0001
49554 -0.0001
49579 -0.0001
49603 -0.0001
49628 -0.0001
49652 -0.0001
49677 -0.0001
49702 -0.0001
49727 -0.0001
49751 -0.0001
49776 -0.0001
49801 -0.0001
49826 -0.0001
49850 -0.0001
49875 -0.0001
49900 0.0000
49925 0.0000
49950 0.0000
49975 0.0000
50000 0.0000
50025 0.0000
50050 -0.0001
50075 -0.0001
50100 -0.0001
50125 -0.0001
50150 -0.0001
50176 -0.0001
50201 0.0000
50226 0.0000
50251 0.0000
50277 0.0000
50302 0.0000
50327 0.0000
50352 -0.0001
50378 -0.0001
50403 -0.0002
50429 -0.0002
50454 -0.0002
50480 -0.0002
50505 -0.0002
50531 -0.0001
50556 -0.0002
50582 -0.0001
50607 -0.0001
50633 -0.0001
50659 0.0000
50684 0.0000
50710 0.0001
50736 0.0001
50761 0.0000
50787 0.0000
50813 0.0000
50839 0.0000
50865 -0.0001
50891 -0.0001
50916 -0.0001
50942 0.0000
50968 0.0000
50994 0.0000
51020 0.0000
51046 0.0000
51073 0.0000
51099 -0.0001
51125 -0.0001
51151 0.0000
51177 0.0000
51203 0.0000
51230 0.0000
51256 0.0000
51282 -0.0001
51308 -0.0001
51335 -0.0002
51361 -0.0002
51387 -0.0002
51414 -0.0001
51440 -0.0001
51467 -0.0001
51493 0.0000
51520 0.0000
51546 0.0000
51573 0.0000
51600 0.0000
51626 0.0000
51653 -0.0001
51680 -0.0001
51706 -0.0002
51733 -0.0002
51760 -0.0001
51787 -0.0001
51813 0.0000
51840 0.0000
51867 0.0001
51894 0.0001
51921 0.0001
51948 0.0000
51975 0.0000
52002 0.0000
52029 0.0000
52056 0.0000
52083 0.0000
52110 0.0000
52138 0.0000
52165 0.0000
52192 -0.0001
52219 -0.0001
52247 -0.0001
52274 -0.0001
52301 0.0000
52329 0.0000
52356 0.0000
52383 0.0000
52411 -0.0001
52438 -0.0001
52466 -0.0001
52493 -0.0001
52521 -0.0001
52549 -0.0001
52576 -0.0002
52604 -0.0002
52632 -0.0002
52659 -0.0001
52687 -0.0001
52715 -0.0001
52743 -0.0001
52770 0.0000
52798 0.0000
52826 0.0000
52854 0.0000
52882 0.0000
52910 -0.0001
52938 -0.0002
52966 -0.0002
52994 -0.0002
53022 -0.0002
53050 -0.0001
53079 -0.0001
53107 0.0000
53135 0.0000
53163 0.0000
53191 0.0000
53220 0.0000
53248 0.0000
53277 0.0000
53305 0.0000
53333 0.0000
53362 0.0000
53390 0.0000
53419 0.0000
53447 0.0000
53476 0.0000
53505 -0.0001
53533 -0.0001
53562 -0.0002
53591 -0.0002
53619 -0.0002
53648 -0.0002
53677 -0.0002
53706 -0.0002
53735 -0.0001
53763 -0.0001
53792 0.0000
53821 0.0000
53850 0.0000
53879 0.0000
53908 0.0000
53937 0.0000
53967 -0.0001
53996 -0.0001
54025 -0.0001
54054 -0.0001
54083 -0.0002
54113 -0.0002
54142 -0.0002
54171 -0.0002
54201 -0.0002
54230 -0.0002
54259 -0.0001
54289 0.0000
54318 0.0000
54348 0.0000
54377 0.0000
54407 0.0000
54437 0.0000
54466 -0.0001
54496 -0.0001
54526 -0.0001
54555 -0.0001
54585 -0.0001
54615 -0.0001
54645 0.0000
54675 0.0001
54705 0.0001
54735 0.0001
54765 0.0001
54795 0.0001
54825 0.0001
54855 0.0001
54885 0.0000
54915 0.0000
54945 -0.0001
54975 -0.0001
55006 -0.0001
55036 -0.0001
55066 0.0000
55096 0.0000
55127 0.0001
55157 0.0002
55188 0.0002
55218 0.0002
55249 0.0001
55279 0.0001
55310 0.0000
55340 0.0000
55371 0.0001
55402 0.0001
55432 0.0000
55463 0.0000
55494 -0.0001
55525 -0.0002
55556 -0.0002
