2997 0.0000
3004 0.0000
3011 0.0000
3018 0.0000
3025 0.0000
3032 0.0000
3039 0.0000
3046 0.0000
3053 0.0000
3060 0.0000
3067 0.0000
3074 0.0000
3081 0.0000
3088 0.0000
3095 0.0000
3102 0.0000
3109 0.0000
3116 0.0000
3123 0.0000
3130 0.0000
3137 0.0000
3144 0.0000
3151 0.0000
3158 0.0000
3165 0.0000
3172 0.0000
3179 0.0000
3186 0.0000
3193 0.0000
3200 0.0000
3207 0.0000
3214 0.0000
3221 0.0000
3228 0.0000
3235 0.0000
3242 0.0000
3249 0.0000
3256 0.0000
3263 0.0000
3270 0.0000
3277 0.0000
3284 0.0000
3291 0.0000
3298 0.0000
3305 0.0000
3312 0.0000
3319 0.0000
3326 0.0000
3333 0.0000
3340 0.0000
3347 0.0000
3354 0.0000
3361 0.0000
3368 0.0000
3375 0.0000
3382 0.0000
3389 0.0000
3396 0.0000
3403 0.0000
3410 0.0000
3417 0.0000
3424 0.0000
3431 0.0000
3438 0.0000
3445 0.0000
3452 0.0000
3459 0.0001
3466 0.0001
3473 0.0002
3480 0.0003
3487 0.0006
3494 0.0009
3501 0.0013
3508 0.0021
3515 0.0030
3522 0.0043
3529 0.0060
3536 0.0081
3543 0.0108
3550 0.0138
3557 0.0176
3564 0.0219
3571 0.0269
3578 0.0324
3585 0.0388
3592 0.0457
3599 0.0536
3606 0.0620
3613 0.0712
3620 0.0809
3627 0.0911
3634 0.1020
3641 0.1128
3648 0.1240
3655 0.1356
3662 0.1472
3669 0.1587
3676 0.1706
3683 0.1827
3690 0.1948
3697 0.2074
3704 0.2193
3711 0.2316
3718 0.2446
3725 0.2564
3732 0.2689
3739 0.2805
3746 0.2919
3753 0.3028
3760 0.3144
3767 0.3259
3774 0.3368
3781 0.3480
3788 0.3574
3795 0.3613
3802 0.3714
3809 0.3813
3816 0.3912
3823 0.4009
3830 0.4105
3837 0.4194
3844 0.4283
3851 0.4363
3858 0.4446
3865 0.4527
3872 0.4606
3879 0.4679
3886 0.4750
3893 0.4828
3900 0.4896
3907 0.4964
3914 0.5026
3921 0.5095
3928 0.5158
3935 0.5214
3942 0.5270
3949 0.5326
3956 0.5379
3963 0.5426
3970 0.5475
3977 0.5528
3984 0.5568
3991 0.5616
3998 0.5660
4005 0.5709
4012 0.5747
4019 0.5782
4026 0.5823
4033 0.5857
4040 0.5896
4047 0.5934
4054 0.5965
4061 0.6002
4068 0.6027
4075 0.6064
4082 0.6096
4089 0.6124
4096 0.6152
4103 0.6181
4110 0.6208
4117 0.6232
4124 0.6257
4131 0.6282
4138 0.6303
4145 0.6328
4152 0.6354
4159 0.6372
4166 0.6389
4173 0.6413
4180 0.6432
4187 0.6457
4194 0.6476
4201 0.6493
4208 0.6512
4215 0.6529
4222 0.6541
4229 0.6558
4236 0.6571
4243 0.6580
4250 0.6586
4257 0.6596
4264 0.6602
4271 0.6612
4278 0.6624
4285 0.6628
4292 0.6640
4299 0.6643
4306 0.6648
4313 0.6659
4320 0.6661
4327 0.6662
4334 0.6661
4341 0.6666
4348 0.6665
4355 0.6664
4362 0.6663
4369 0.6666
4376 0.6668
4383 0.6668
4390 0.6669
4397 0.6666
4404 0.6662
4411 0.6662
4418 0.6655
4425 0.6653
4432 0.6647
4439 0.6644
4446 0.6630
4453 0.6622
4460 0.6610
4467 0.6594
4474 0.6580
4481 0.6564
4488 0.6548
4495 0.6527
4502 0.6509
4509 0.6488
4516 0.6469
4523 0.6448
4530 0.6432
4537 0.6411
4544 0.6389
4551 0.6368
4558 0.6345
4565 0.6319
4572 0.6293
4579 0.6264
4586 0.6232
4593 0.6200
4600 0.6163
4607 0.6124
4614 0.6087
4621 0.6045
4628 0.5997
4635 0.5953
4642 0.5902
4649 0.5846
4656 0.5793
4663 0.5733
4670 0.5670
4677 0.5603
4684 0.5529
4691 0.5453
4698 0.5376
4705 0.5293
4712 0.5210
4719 0.5124
4726 0.5033
4733 0.4949
4740 0.4862
4747 0.4773
4754 0.4684
4761 0.4599
4768 0.4507
4775 0.4418
4782 0.4329
4789 0.4233
4796 0.4136
4803 0.4038
4810 0.3940
4817 0.3837
4824 0.3737
4831 0.3637
4838 0.3539
4845 0.3438
4852 0.3343
4859 0.3248
4866 0.3157
4873 0.3066
4880 0.2975
4887 0.2887
4894 0.2799
4901 0.2714
4908 0.2630
4915 0.2550
4922 0.2471
4929 0.2397
4936 0.2325
4943 0.2255
4950 0.2192
4957 0.2130
4964 0.2072
4971 0.2018
4978 0.1963
4985 0.1911
4992 0.1858
4999 0.1804
5006 0.1748
5013 0.1691
5020 0.1632
5027 0.1571
5034 0.1508
5041 0.1445
5048 0.1382
5055 0.1321
5062 0.1261
5069 0.1203
5076 0.1147
5083 0.1094
5090 0.1043
5097 0.0994
5104 0.0947
5111 0.0903
5118 0.0861
5125 0.0821
5132 0.0782
5139 0.0745
5146 0.0709
5153 0.0674
5160 0.0640
5167 0.0606
5174 0.0574
5181 0.0543
5188 0.0512
5195 0.0481
5202 0.0452
5209 0.0424
5216 0.0397
5223 0.0372
5230 0.0347
5237 0.0324
5244 0.0304
5251 0.0284
5258 0.0266
5265 0.0249
5272 0.0233
5279 0.0219
5286 0.0206
5293 0.0193
5300 0.0183
5307 0.0172
5314 0.0163
5321 0.0155
5328 0.0148
5335 0.0141
5342 0.0136
5349 0.0131
5356 0.0126
5363 0.0122
5370 0.0119
5377 0.0117
5384 0.0114
5391 0.0112
5398 0.0111
5405 0.0110
5412 0.0109
5419 0.0109
5426 0.0109
5433 0.0109
5440 0.0111
5447 0.0112
5454 0.0114
5461 0.0116
5468 0.0119
5475 0.0122
5482 0.0127
5489 0.0131
5496 0.0136
5503 0.0141
5510 0.0147
5517 0.0153
5524 0.0159
5531 0.0165
5538 0.0172
5545 0.0177
5552 0.0182
5559 0.0188
5566 0.0192
5573 0.0195
5580 0.0197
5587 0.0199
5594 0.0200
5601 0.0200
5608 0.0200
5615 0.0198
5622 0.0194
5629 0.0192
5636 0.0187
5643 0.0183
5650 0.0177
5657 0.0171
5664 0.0165
5671 0.0158
5678 0.0151
5685 0.0143
5692 0.0136
5699 0.0127
5706 0.0119
5713 0.0111
5720 0.0102
5727 0.0094
5734 0.0086
5741 0.0079
5748 0.0072
5755 0.0065
5762 0.0059
5769 0.0053
5776 0.0047
5783 0.0042
5790 0.0037
5797 0.0033
5804 0.0029
5811 0.0025
5818 0.0022
5825 0.0020
5832 0.0017
5839 0.0015
5846 0.0013
5853 0.0011
5860 0.0010
5867 0.0009
5874 0.0008
5881 0.0007
5888 0.0007
5895 0.0006
5902 0.0006
5909 0.0005
5916 0.0005
5923 0.0005
5930 0.0004
5937 0.0004
5944 0.0004
5951 0.0004
5958 0.0004
5965 0.0004
5972 0.0004
5979 0.0004
5986 0.0004
5993 0.0004
6000 0.0040
