       11985.   6.454453E-5   1.400000E-4
       11990.   8.086939E-5   1.400000E-4
       11995.   5.378711E-6   1.400000E-4
       12000.  -4.284096E-5   1.400000E-4
       12005.  -2.142048E-5   1.400000E-4
       12010.  -5.350402E-5   1.400000E-4
       12015.  -1.230498E-4   1.400000E-4
       12020.  -6.426145E-5   1.400000E-4
       12025.  -2.142048E-5   1.400000E-4
       12030.  -2.142048E-5   1.400000E-4
       12035.  -5.378711E-6   1.400000E-4
       12040.  -2.142048E-5   1.400000E-4
       12045.   1.066306E-5   1.400000E-4
       12050.  -2.679919E-5   1.400000E-4
       12055.  -2.670483E-5   1.400000E-4
       12060.   9.077754E-5   1.400000E-4
       12065.   4.274660E-5   1.400000E-4
       12070.   3.736788E-5   1.400000E-4
       12075.   2.142048E-5   1.400000E-4
       12080.  -2.142048E-5   1.400000E-4
       12085.   1.604177E-5   1.400000E-4
       12090.   2.670483E-5   1.400000E-4
       12095.   6.935706E-5   1.400000E-4
       12100.  -1.604177E-5   1.400000E-4
       12105.   5.378711E-6   1.400000E-4
       12110.   2.132612E-5   1.400000E-4
       12115.  -1.066306E-5   1.400000E-4
       12120.   1.066306E-5   1.400000E-4
       12125.  -4.803095E-5   1.400000E-4
       12130.   1.066306E-5   1.400000E-4
       12135.   5.378711E-6   1.400000E-4
       12140.   8.002012E-5   1.400000E-4
       12145.   3.736788E-5   1.400000E-4
       12150.   3.208354E-5   1.400000E-4
       12155.   8.002012E-5   1.400000E-4
       12160.   5.378711E-6   1.400000E-4
       12165.   5.869400E-5   1.400000E-4
       12170.   1.066306E-5   1.400000E-4
       12175.  -5.378711E-6   1.400000E-4
       12180.  -4.274660E-5   1.400000E-4
       12185.   4.274660E-5   1.400000E-4
       12190.   4.812531E-5   1.400000E-4
       12195.   2.132612E-5   1.400000E-4
       12200.   5.284348E-6   1.400000E-4
       12205.   4.274660E-5   1.400000E-4
       12210.   1.066306E-5   1.400000E-4
       12215.   5.378711E-6   1.400000E-4
       12220.  -1.604177E-5   1.400000E-4
       12225.   1.075742E-5   1.400000E-4
       12230.   1.014406E-4   1.400000E-4
       12235. -2.851094E-10   1.400000E-4
       12240.  -3.886072E-8   1.400000E-4
       12245.  -7.483014E-5   1.400000E-4
       12250.  -1.604177E-5   1.400000E-4
       12255.   1.066306E-5   1.400000E-4
       12260.   2.142048E-5   1.400000E-4
       12265.   4.812531E-5   1.400000E-4
       12270.  -5.284348E-6   1.400000E-4
       12275.   4.812531E-5   1.400000E-4
       12280.  -2.142048E-5   1.400000E-4
       12285.  -1.066306E-5   1.400000E-4
       12290.   3.208354E-5   1.400000E-4
       12295.   7.492450E-5   1.400000E-4
       12300.   4.821967E-5   1.400000E-4
       12305.  -3.217790E-5   1.400000E-4
       12310.   3.217790E-5   1.400000E-4
       12315.   4.284096E-5   1.400000E-4
       12320.  -2.142048E-5   1.400000E-4
       12325.   4.293532E-5   1.400000E-4
       12340.  -1.453007E-8   1.400000E-4
       12345.   5.378711E-6   1.400000E-4
       12350.   4.831403E-5   1.400000E-4
       12355.   2.396641E-8   1.400000E-4
       12360.   5.897710E-5   1.400000E-4
       12365.  -2.679919E-5   1.400000E-4
       12370.   1.075742E-5   1.400000E-4
       12375.   3.765098E-5   1.400000E-4
       12380.   3.765098E-5   1.400000E-4
       12385.   1.613613E-5   1.400000E-4
       12390.   4.302969E-5   1.400000E-4
       12395.  -1.075742E-5   1.400000E-4
       12400.   1.075742E-5   1.400000E-4
       12405.   1.183316E-4   1.400000E-4
       12410.   2.151484E-5   1.400000E-4
       12415.  -7.001761E-5   1.400000E-4
       12420.  -1.154158E-9   1.400000E-4
       12425.   5.378711E-6   1.400000E-4
       12430.   2.151484E-5   1.400000E-4
       12435.  -2.238393E-8   1.400000E-4
       12440.   4.509530E-8   1.400000E-4
       12445.   1.079517E-4   1.400000E-4
       12450.   1.613613E-5   1.400000E-4
       12455.  -8.115248E-5   1.400000E-4
       12460.  -1.512645E-4   1.400000E-4
       12465.  -4.821967E-5   1.400000E-4
       12470.   5.850527E-6   1.400000E-4
       12475.   1.632486E-5   1.400000E-4
       12480.   1.081404E-4   1.400000E-4
       12485.  -5.378711E-6   1.400000E-4
       12490.   4.331278E-5   1.400000E-4
       12495.   7.577377E-5   1.400000E-4
       12500.   3.246099E-5   1.400000E-4
       12505.   7.039506E-5   1.400000E-4
       12510.  -4.878585E-5   1.400000E-4
       12515.   1.085179E-5   1.400000E-4
       12520.   1.632486E-5   1.400000E-4
       12525.   4.888021E-5   1.400000E-4
       12530.   8.681428E-5   1.400000E-4
       12535.   5.378711E-6   1.400000E-4
       12540.  -1.032335E-4   1.400000E-4
       12545.   5.982636E-5   1.400000E-4
       12550.  -7.591153E-9   1.400000E-4
       12555.   2.727101E-5   1.400000E-4
       12560.   7.077251E-5   1.400000E-4
       12565.   3.264972E-5   1.400000E-4
       12570.   4.359587E-5   1.400000E-4
       12575.   2.727101E-5   1.400000E-4
       12580.   1.094615E-5   1.400000E-4
       12585.   2.727101E-5   1.400000E-4
       12590.  -2.179793E-5   1.400000E-4
       12595.   1.146515E-4   1.400000E-4
       12600.   5.454201E-5   1.400000E-4
       12605.   1.004687E-9   1.400000E-4
       12610.  -2.189230E-5   1.400000E-4
       12615.   4.925767E-5   1.400000E-4
       12620.   7.114997E-5   1.400000E-4
       12625.  -2.745974E-5   1.400000E-4
       12630.  -2.189230E-5   1.400000E-4
       12635.   6.416708E-6   1.400000E-4
       12640.   4.935203E-5   1.400000E-4
       12645.  -2.745974E-5   1.400000E-4
       12650.  -1.104051E-5   1.400000E-4
       12655.  -3.850025E-5   1.400000E-4
       12660.   1.651359E-5   1.400000E-4
       12665.   3.293281E-5   1.400000E-4
       12670.  -2.150918E-8   1.400000E-4
       12675.   1.651359E-5   1.400000E-4
       12680.   5.473074E-6   1.400000E-4
       12685.   1.651359E-5   1.400000E-4
       12690.   3.859461E-5   1.400000E-4
       12695.   8.275665E-5   1.400000E-4
       12700.   4.416204E-5   1.400000E-4
       12705.  -4.416204E-5   1.400000E-4
       12710.  -1.104051E-5   1.400000E-4
       12715.  -5.473074E-6   1.400000E-4
       12720.   5.567438E-6   1.400000E-4
       12725.   4.425641E-5   1.400000E-4
       12730.   7.199924E-5   1.400000E-4
       12735.   5.529692E-5   1.400000E-4
       12740.  -1.670231E-5   1.400000E-4
       12745.   3.887770E-5   1.400000E-4
       12750.   1.113488E-5   1.400000E-4
       12755.   5.548565E-5   1.400000E-4
       12760.  -1.670231E-5   1.400000E-4
       12765.   5.001258E-5   1.400000E-4
       12770.   3.340463E-5   1.400000E-4
       12775.   7.794413E-5   1.400000E-4
       12780.   1.670231E-5   1.400000E-4
       12785.   1.670231E-5   1.400000E-4
       12790.   2.793155E-5   1.400000E-4
       12795.  -5.567438E-6   1.400000E-4
       12800.  -3.916079E-5   1.400000E-4
       12805.   6.143054E-5   1.400000E-4
       12810.   5.029567E-5   1.400000E-4
       12815.  -1.670231E-5   1.400000E-4
       12820.   6.265726E-5   1.400000E-4
       12825.  -1.233329E-4   1.400000E-4
       12830.  -2.802592E-5   1.400000E-4
       12835.   6.737543E-5   1.400000E-4
       12840.   2.075050E-4   1.400000E-4
       12845.  -8.426647E-5   1.400000E-4
       12850.  -5.057875E-5   1.400000E-4
       12855.   6.190236E-5   1.400000E-4
       12860.   4.491695E-5   1.400000E-4
       12865.  -7.879339E-5   1.400000E-4
       12870.   7.898212E-5   1.400000E-4
       12875.   1.014406E-4   1.400000E-4
       12880.  -2.821464E-5   1.400000E-4
       12885.   1.689104E-5   1.400000E-4
       12890.   1.698540E-5   1.400000E-4
       12895.   9.615625E-5   1.400000E-4
       12900.   1.188035E-4   1.400000E-4
       12905.  -1.132360E-5   1.400000E-4
       12910.   1.707977E-5   1.400000E-4
       12915.   8.511574E-5   1.400000E-4
       12920.   6.237417E-5   1.400000E-4
       12925.  -2.840337E-5   1.400000E-4
       12930.   2.274157E-5   1.400000E-4
       12935.   6.831907E-5   1.400000E-4
       12940.   3.982133E-5   1.400000E-4
       12945.   3.991570E-5   1.400000E-4
       12950.  -5.661801E-6   1.400000E-4
       12955.   1.655133E-4   1.400000E-4
       12960.   1.142740E-4   1.400000E-4
       12965.   5.708983E-5   1.400000E-4
       12970.  -9.738297E-5   1.400000E-4
       12975.   2.293030E-5   1.400000E-4
       12980.   1.038940E-4   1.400000E-4
       12985.   4.019879E-5   1.400000E-4
       12990.  -9.200427E-5   1.400000E-4
       12995.   2.302466E-5   1.400000E-4
       13000.   4.038751E-5   1.400000E-4
       13005.   1.901421E-4   1.400000E-4
       13010.   1.038940E-4   1.400000E-4
       13015.   1.559826E-4   1.400000E-4
       13020.   1.561714E-4   1.400000E-4
       13025.   1.042715E-4   1.400000E-4
       13030.   5.803346E-5   1.400000E-4
       13035.   1.393747E-4   1.400000E-4
       13040.   1.279567E-4   1.400000E-4
       13045.   1.340903E-4   1.400000E-4
       13050.   1.751384E-4   1.400000E-4
       13055.   1.522081E-4   1.400000E-4
       13060.   1.466407E-4   1.400000E-4
       13065.   1.350340E-4   1.400000E-4
       13070.   9.408026E-5   1.400000E-4
       13075.   1.527743E-4   1.400000E-4
       13080.   1.935392E-4   1.400000E-4
       13085.   2.163752E-4   1.400000E-4
       13090.   1.922181E-4   1.400000E-4
       13095.   1.567375E-4   1.400000E-4
       13100.   2.197722E-4   1.400000E-4
       13105.   2.319451E-4   1.400000E-4
       13110.   2.465714E-4   1.400000E-4
       13115.   2.113739E-4   1.400000E-4
       13120.   3.185707E-4   1.400000E-4
       13125.   3.257423E-4   1.400000E-4
       13130.   2.825239E-4   1.400000E-4
       13135.   2.196779E-4   1.400000E-4
       13140.   2.695017E-4   1.400000E-4
       13145.   2.833731E-4   1.400000E-4
       13150.   3.051711E-4   1.400000E-4
       13155.   3.615060E-4   1.400000E-4
       13160.   2.663877E-4   1.400000E-4
       13165.   2.270382E-4   1.400000E-4
       13170.   3.590525E-4   1.400000E-4
       13175.   3.197974E-4   1.400000E-4
       13180.   2.807310E-4   1.400000E-4
       13185.   2.912997E-4   1.400000E-4
       13190.   3.347068E-4   1.400000E-4
       13195.   3.013022E-4   1.400000E-4
       13200.   3.393306E-4   1.400000E-4
       13205.   2.405322E-4   1.400000E-4
       13210.   1.802340E-4   1.400000E-4
       13215.   3.654692E-4   1.400000E-4
       13220.   2.945080E-4   1.400000E-4
       13225.   3.325364E-4   1.400000E-4
       13230.   1.908971E-4   1.400000E-4
       13235.   3.330082E-4   1.400000E-4
       13240.   2.833731E-4   1.400000E-4
       13245.   3.105498E-4   1.400000E-4
       13250.   3.160228E-4   1.400000E-4
       13255.   3.814166E-4   1.400000E-4
       13260.   3.270634E-4   1.400000E-4
       13265.   2.564796E-4   1.400000E-4
       13270.   3.549006E-4   1.400000E-4
       13275.   3.114934E-4   1.400000E-4
       13280.   3.063034E-4   1.400000E-4
       13285.   3.065865E-4   1.400000E-4
       13290.   2.959235E-4   1.400000E-4
       13295.   4.003837E-4   1.400000E-4
       13300.   4.068004E-4   1.400000E-4
       13305.   3.133806E-4   1.400000E-4
       13310.   3.358392E-4   1.400000E-4
       13315.   4.573792E-4   1.400000E-4
       13320.   4.027428E-4   1.400000E-4
       13325.   4.528497E-4   1.400000E-4
       13330.   4.809700E-4   1.400000E-4
       13335.   4.816305E-4   1.400000E-4
       13340.   3.993457E-4   1.400000E-4
       13345.   3.832096E-4   1.400000E-4
       13350.   4.617199E-4   1.400000E-4
       13355.   4.625692E-4   1.400000E-4
       13360.   5.244715E-4   1.400000E-4
       13365.   4.637959E-4   1.400000E-4
       13370.   4.869149E-4   1.400000E-4
       13375.   5.323036E-4   1.400000E-4
       13380.   5.276799E-4   1.400000E-4
       13385.   5.060707E-4   1.400000E-4
       13390.   5.577818E-4   1.400000E-4
       13395.   6.713952E-4   1.400000E-4
       13400.   6.446904E-4   1.400000E-4
       13405.   6.229868E-4   1.400000E-4
       13410.   6.980057E-4   1.400000E-4
       13415.   7.787807E-4   1.400000E-4
       13420.   8.886196E-4   1.400000E-4
       13425.   8.451182E-4   1.400000E-4
       13430.   8.305862E-4   1.400000E-4
       13435.   9.424067E-4   1.400000E-4
       13440.   9.852478E-4   1.400000E-4
       13445.   0.001028089   1.400000E-4
       13450.   0.001106693   1.400000E-4
       13455.   0.001129341   1.400000E-4
       13460.   0.001118772   1.400000E-4
       13465.   0.001304385   1.400000E-4
       13470.   0.001405165   1.400000E-4
       13475.   0.001365343   1.400000E-4
       13480.   0.001639658   1.400000E-4
       13485.   0.001631354   1.400000E-4
       13490.   0.001758178   1.400000E-4
       13495.   0.001934449   1.400000E-4
       13500.   0.002007108   1.400000E-4
       13505.   0.002141199   1.400000E-4
       13510.   0.002218577   1.400000E-4
       13515.   0.002347572   1.400000E-4
       13520.   0.002357008   1.400000E-4
       13525.   0.002652554   1.400000E-4
       13530.   0.002944986   1.400000E-4
       13535.   0.003204202   1.400000E-4
       13540.   0.003469646   1.400000E-4
       13545.   0.003590148   1.400000E-4
       13550.   0.003982511   1.400000E-4
       13555.    0.00421455   1.400000E-4
       13560.   0.004597666   1.400000E-4
       13565.   0.005064575   1.400000E-4
       13570.    0.00539664   1.400000E-4
       13575.   0.005766355   1.400000E-4
       13580.   0.006214676   1.400000E-4
       13585.   0.006753962   1.400000E-4
       13590.   0.007345526   1.400000E-4
       13595.   0.007723734   1.400000E-4
       13600.   0.008424005   1.400000E-4
       13605.   0.009108139   1.400000E-4
       13610.   0.009903717   1.400000E-4
       13615.    0.01065542   1.400000E-4
       13620.    0.01165623   1.400000E-4
       13625.    0.01243473   1.400000E-4
       13630.    0.01342847   1.400000E-4
       13635.    0.01428661   1.400000E-4
       13640.     0.0154001   1.400000E-4
       13645.    0.01658974   1.400000E-4
       13650.    0.01795234   1.400000E-4
       13655.    0.01913377   1.400000E-4
       13660.     0.0204625   1.400000E-4
       13665.    0.02164658   1.400000E-4
       13670.     0.0230926   1.400000E-4
       13675.    0.02454447   1.400000E-4
       13680.    0.02588019   1.400000E-4
       13685.    0.02769394   1.400000E-4
       13690.    0.02931492   1.400000E-4
       13695.    0.03089399   1.400000E-4
       13700.     0.0324877   1.400000E-4
       13705.    0.03417982   1.400000E-4
       13710.    0.03587082   1.400000E-4
       13715.    0.03765475   1.400000E-4
       13720.    0.03939349   1.400000E-4
       13725.    0.04128604   1.400000E-4
       13730.    0.04284747   1.400000E-4
       13735.    0.04475059   1.400000E-4
       13740.    0.04649245   1.400000E-4
       13745.    0.04838037   1.400000E-4
       13750.    0.05069954   1.400000E-4
       13755.    0.05265192   1.400000E-4
       13760.     0.0546026   1.400000E-4
       13765.    0.05692139   1.400000E-4
       13770.    0.05906843   1.400000E-4
       13775.    0.06160511   1.400000E-4
       13780.    0.06408385   1.400000E-4
       13785.    0.06679482   1.400000E-4
       13790.    0.06962354   1.400000E-4
       13795.    0.07248984   1.400000E-4
       13800.      0.075735   1.400000E-4
       13805.    0.07911848   1.400000E-4
       13810.    0.08288094   1.400000E-4
       13815.    0.08722363   1.400000E-4
       13820.    0.09189235   1.400000E-4
       13825.    0.09648389   1.400000E-4
       13830.     0.1012419   1.400000E-4
       13835.     0.1066267   1.400000E-4
       13840.     0.1126653   1.400000E-4
       13845.     0.1188463   1.400000E-4
       13850.     0.1257344   1.400000E-4
       13855.     0.1327338   1.400000E-4
       13860.      0.140038   1.400000E-4
       13865.     0.1481298   1.400000E-4
       13870.     0.1574443   1.400000E-4
       13875.     0.1681106   1.400000E-4
       13880.     0.1798326   1.400000E-4
       13885.     0.1917711   1.400000E-4
       13890.     0.2045366   1.400000E-4
       13895.     0.2174519   1.400000E-4
       13900.     0.2307783   1.400000E-4
       13905.     0.2461781   1.400000E-4
       13910.     0.2648378   1.400000E-4
       13915.     0.2835561   1.400000E-4
       13920.     0.3036848   1.400000E-4
       13925.      0.324307   1.400000E-4
       13930.     0.3460737   1.400000E-4
       13935.      0.368916   1.400000E-4
       13940.     0.3934866   1.400000E-4
       13945.     0.4198334   1.400000E-4
       13950.     0.4470056   1.400000E-4
       13955.     0.4760466   1.400000E-4
       13960.     0.5048738   1.400000E-4
       13965.     0.5348409   1.400000E-4
       13970.     0.5622927   1.400000E-4
       13975.      0.589889   1.400000E-4
       13980.     0.6144642   1.400000E-4
       13985.     0.6374128   1.400000E-4
       13990.     0.6608919   1.400000E-4
       13995.     0.6848899   1.400000E-4
       14000.     0.7077788   1.400000E-4
       14005.     0.7284671   1.400000E-4
       14010.     0.7447908   1.400000E-4
       14015.     0.7579135   1.400000E-4
       14020.     0.7682592   1.400000E-4
       14025.     0.7767633   1.400000E-4
       14030.     0.7827204   1.400000E-4
       14035.     0.7872263   1.400000E-4
       14040.     0.7898337   1.400000E-4
       14045.      0.790704   1.400000E-4
       14050.     0.7900807   1.400000E-4
       14055.     0.7884455   1.400000E-4
       14060.     0.7854647   1.400000E-4
       14065.     0.7818165   1.400000E-4
       14070.     0.7776473   1.400000E-4
       14075.     0.7731143   1.400000E-4
       14080.     0.7686864   1.400000E-4
       14085.     0.7637466   1.400000E-4
       14090.      0.759049   1.400000E-4
       14095.     0.7545729   1.400000E-4
       14100.      0.749911   1.400000E-4
       14105.     0.7460699   1.400000E-4
       14110.     0.7426609   1.400000E-4
       14115.     0.7399437   1.400000E-4
       14120.     0.7373035   1.400000E-4
       14125.     0.7349784   1.400000E-4
       14130.     0.7331252   1.400000E-4
       14135.     0.7321966   1.400000E-4
       14140.     0.7314664   1.400000E-4
       14145.     0.7312588   1.400000E-4
       14150.     0.7315043   1.400000E-4
       14155.     0.7323534   1.400000E-4
       14160.     0.7338824   1.400000E-4
       14165.      0.735467   1.400000E-4
       14170.     0.7377041   1.400000E-4
       14175.     0.7402219   1.400000E-4
       14180.     0.7433268   1.400000E-4
       14185.      0.746582   1.400000E-4
       14190.     0.7505305   1.400000E-4
       14195.     0.7549514   1.400000E-4
       14200.     0.7592999   1.400000E-4
       14205.     0.7637767   1.400000E-4
       14210.     0.7684084   1.400000E-4
       14215.       0.77288   1.400000E-4
       14220.     0.7784072   1.400000E-4
       14225.     0.7838593   1.400000E-4
       14230.     0.7891028   1.400000E-4
       14235.     0.7945511   1.400000E-4
       14240.     0.7998116   1.400000E-4
       14245.     0.8054419   1.400000E-4
       14250.     0.8111461   1.400000E-4
       14255.     0.8164709   1.400000E-4
       14260.     0.8218652   1.400000E-4
       14265.     0.8269732   1.400000E-4
       14270.     0.8318197   1.400000E-4
       14275.     0.8367032   1.400000E-4
       14280.     0.8416419   1.400000E-4
       14285.     0.8462992   1.400000E-4
       14290.     0.8505775   1.400000E-4
       14295.     0.8545305   1.400000E-4
       14300.     0.8580889   1.400000E-4
       14305.     0.8616982   1.400000E-4
       14310.     0.8648258   1.400000E-4
       14315.     0.8679124   1.400000E-4
       14320.     0.8707496   1.400000E-4
       14325.     0.8732761   1.400000E-4
       14330.     0.8753759   1.400000E-4
       14335.     0.8773004   1.400000E-4
       14340.     0.8789237   1.400000E-4
       14345.     0.8804377   1.400000E-4
       14350.     0.8817669   1.400000E-4
       14355.     0.8825549   1.400000E-4
       14360.     0.8835427   1.400000E-4
       14365.     0.8841038   1.400000E-4
       14370.     0.8844861   1.400000E-4
       14375.     0.8847336   1.400000E-4
       14380.     0.8849792   1.400000E-4
       14385.     0.8845475   1.400000E-4
       14390.     0.8845708   1.400000E-4
       14395.     0.8842136   1.400000E-4
       14400.      0.884043   1.400000E-4
       14405.     0.8835641   1.400000E-4
       14410.     0.8827567   1.400000E-4
       14415.      0.882591   1.400000E-4
       14420.     0.8816959   1.400000E-4
       14425.     0.8809406   1.400000E-4
       14430.     0.8803411   1.400000E-4
       14435.     0.8797034   1.400000E-4
       14440.     0.8789474   1.400000E-4
       14445.     0.8783093   1.400000E-4
       14450.     0.8775004   1.400000E-4
       14455.     0.8767036   1.400000E-4
       14460.     0.8760098   1.400000E-4
       14465.     0.8754572   1.400000E-4
       14470.     0.8747188   1.400000E-4
       14475.      0.874169   1.400000E-4
       14480.     0.8733041   1.400000E-4
       14485.     0.8726508   1.400000E-4
       14490.     0.8723763   1.400000E-4
       14495.     0.8717052   1.400000E-4
       14500.     0.8712283   1.400000E-4
       14505.     0.8709855   1.400000E-4
       14510.     0.8704597   1.400000E-4
       14515.      0.870267   1.400000E-4
       14520.     0.8700692   1.400000E-4
       14525.     0.8695971   1.400000E-4
       14530.     0.8694779   1.400000E-4
       14535.     0.8694829   1.400000E-4
       14540.     0.8692476   1.400000E-4
       14545.     0.8691812   1.400000E-4
       14550.     0.8693308   1.400000E-4
       14555.     0.8690133   1.400000E-4
       14560.     0.8692465   1.400000E-4
       14565.       0.86915   1.400000E-4
       14570.     0.8694707   1.400000E-4
       14575.     0.8696193   1.400000E-4
       14580.     0.8695697   1.400000E-4
       14585.     0.8698769   1.400000E-4
       14590.     0.8700835   1.400000E-4
       14595.     0.8702269   1.400000E-4
       14600.     0.8705596   1.400000E-4
       14605.     0.8710096   1.400000E-4
       14610.     0.8713455   1.400000E-4
       14615.     0.8715701   1.400000E-4
       14620.     0.8718306   1.400000E-4
       14625.     0.8724704   1.400000E-4
       14630.     0.8729811   1.400000E-4
       14635.     0.8732319   1.400000E-4
       14640.     0.8739245   1.400000E-4
       14645.     0.8742571   1.400000E-4
       14650.     0.8748046   1.400000E-4
       14655.     0.8754845   1.400000E-4
       14660.     0.8762017   1.400000E-4
       14665.     0.8766769   1.400000E-4
       14670.     0.8773236   1.400000E-4
       14675.     0.8780069   1.400000E-4
       14680.     0.8787819   1.400000E-4
       14685.     0.8793919   1.400000E-4
       14690.     0.8801573   1.400000E-4
       14695.     0.8810078   1.400000E-4
       14700.     0.8817849   1.400000E-4
       14705.      0.882506   1.400000E-4
       14710.     0.8831228   1.400000E-4
       14715.     0.8840842   1.400000E-4
       14720.     0.8850233   1.400000E-4
       14725.     0.8857573   1.400000E-4
       14730.     0.8866051   1.400000E-4
       14735.     0.8876648   1.400000E-4
       14740.     0.8884284   1.400000E-4
       14745.     0.8891118   1.400000E-4
       14750.     0.8900389   1.400000E-4
       14755.     0.8908408   1.400000E-4
       14760.     0.8919991   1.400000E-4
       14765.     0.8928244   1.400000E-4
       14770.     0.8936827   1.400000E-4
       14775.     0.8945252   1.400000E-4
       14780.     0.8954261   1.400000E-4
       14785.        0.8964   1.400000E-4
       14790.     0.8971816   1.400000E-4
       14795.     0.8977413   1.400000E-4
       14800.     0.8987763   1.400000E-4
       14805.     0.8994291   1.400000E-4
       14810.     0.9002553   1.400000E-4
       14815.     0.9009721   1.400000E-4
       14820.     0.9015642   1.400000E-4
       14825.     0.9021211   1.400000E-4
       14830.     0.9027425   1.400000E-4
       14835.     0.9034544   1.400000E-4
       14840.     0.9038903   1.400000E-4
       14845.     0.9046214   1.400000E-4
       14850.     0.9049873   1.400000E-4
       14855.     0.9054357   1.400000E-4
       14860.     0.9058507   1.400000E-4
       14865.     0.9059895   1.400000E-4
       14870.     0.9065069   1.400000E-4
       14875.     0.9066324   1.400000E-4
       14880.      0.906679   1.400000E-4
       14885.     0.9067963   1.400000E-4
       14890.     0.9071156   1.400000E-4
       14895.     0.9070365   1.400000E-4
       14900.     0.9070415   1.400000E-4
       14905.     0.9069434   1.400000E-4
       14910.     0.9069309   1.400000E-4
       14915.     0.9066873   1.400000E-4
       14920.     0.9065195   1.400000E-4
       14925.     0.9062876   1.400000E-4
       14930.     0.9062127   1.400000E-4
       14935.     0.9057893   1.400000E-4
       14940.     0.9056768   1.400000E-4
       14945.     0.9049706   1.400000E-4
       14950.     0.9044902   1.400000E-4
       14955.      0.904206   1.400000E-4
       14960.     0.9037625   1.400000E-4
       14965.     0.9033231   1.400000E-4
       14970.     0.9025918   1.400000E-4
       14975.     0.9021551   1.400000E-4
       14980.     0.9015875   1.400000E-4
       14985.     0.9010837   1.400000E-4
       14990.      0.900461   1.400000E-4
       14995.     0.9000635   1.400000E-4
       15000.     0.8994428   1.400000E-4
       15005.     0.8986901   1.400000E-4
       15010.     0.8983146   1.400000E-4
       15015.     0.8979043   1.400000E-4
       15020.     0.8968544   1.400000E-4
       15025.     0.8963177   1.400000E-4
       15030.     0.8958485   1.400000E-4
       15035.     0.8952798   1.400000E-4
       15040.      0.894671   1.400000E-4
       15045.      0.894173   1.400000E-4
       15050.     0.8935127   1.400000E-4
       15055.     0.8933085   1.400000E-4
       15060.     0.8928385   1.400000E-4
       15065.     0.8921776   1.400000E-4
       15070.     0.8919339   1.400000E-4
       15075.     0.8914315   1.400000E-4
       15080.     0.8907465   1.400000E-4
       15085.     0.8908508   1.400000E-4
       15090.      0.890467   1.400000E-4
       15095.     0.8900983   1.400000E-4
       15100.      0.889972   1.400000E-4
       15105.     0.8895565   1.400000E-4
       15110.     0.8893909   1.400000E-4
       15115.     0.8894557   1.400000E-4
       15120.     0.8890356   1.400000E-4
       15125.     0.8891312   1.400000E-4
       15130.     0.8889082   1.400000E-4
       15135.     0.8885961   1.400000E-4
       15140.     0.8887823   1.400000E-4
       15145.     0.8883348   1.400000E-4
       15150.      0.888567   1.400000E-4
       15155.     0.8885227   1.400000E-4
       15160.     0.8886001   1.400000E-4
       15165.     0.8886105   1.400000E-4
       15170.     0.8886009   1.400000E-4
       15175.     0.8885849   1.400000E-4
       15180.     0.8888249   1.400000E-4
       15185.     0.8890703   1.400000E-4
       15190.     0.8889236   1.400000E-4
       15195.     0.8890601   1.400000E-4
       15200.     0.8892226   1.400000E-4
       15205.     0.8892826   1.400000E-4
       15210.     0.8895388   1.400000E-4
       15215.     0.8897139   1.400000E-4
       15220.     0.8895911   1.400000E-4
       15225.     0.8896829   1.400000E-4
       15230.     0.8897644   1.400000E-4
       15235.     0.8899556   1.400000E-4
       15240.     0.8899701   1.400000E-4
       15245.     0.8897948   1.400000E-4
       15250.     0.8899746   1.400000E-4
       15255.     0.8900177   1.400000E-4
       15260.     0.8902388   1.400000E-4
       15265.     0.8899477   1.400000E-4
       15270.     0.8901082   1.400000E-4
       15275.      0.889814   1.400000E-4
       15280.     0.8899148   1.400000E-4
       15285.     0.8899146   1.400000E-4
       15290.     0.8898133   1.400000E-4
       15295.     0.8896171   1.400000E-4
       15300.     0.8896779   1.400000E-4
       15305.     0.8892486   1.400000E-4
       15310.     0.8891586   1.400000E-4
       15315.     0.8888813   1.400000E-4
       15320.     0.8886913   1.400000E-4
       15325.      0.888128   1.400000E-4
       15330.     0.8880692   1.400000E-4
       15335.     0.8878616   1.400000E-4
       15340.     0.8875173   1.400000E-4
       15345.     0.8871674   1.400000E-4
       15350.     0.8867344   1.400000E-4
       15355.     0.8864099   1.400000E-4
       15360.     0.8860801   1.400000E-4
       15365.     0.8856348   1.400000E-4
       15370.     0.8851421   1.400000E-4
       15375.     0.8844705   1.400000E-4
       15380.     0.8842415   1.400000E-4
       15385.     0.8837515   1.400000E-4
       15390.     0.8832818   1.400000E-4
       15395.     0.8826268   1.400000E-4
       15400.     0.8822785   1.400000E-4
       15405.     0.8818112   1.400000E-4
       15410.     0.8813401   1.400000E-4
       15415.     0.8806638   1.400000E-4
       15420.     0.8803411   1.400000E-4
       15425.     0.8800758   1.400000E-4
       15430.     0.8793789   1.400000E-4
       15435.     0.8788486   1.400000E-4
       15440.     0.8787036   1.400000E-4
       15445.      0.878253   1.400000E-4
       15450.     0.8778332   1.400000E-4
       15455.       0.87739   1.400000E-4
       15460.     0.8770669   1.400000E-4
       15465.     0.8765101   1.400000E-4
       15470.      0.876192   1.400000E-4
       15475.      0.875873   1.400000E-4
       15480.     0.8755379   1.400000E-4
       15485.     0.8754452   1.400000E-4
       15490.     0.8751034   1.400000E-4
       15495.     0.8749982   1.400000E-4
       15500.     0.8746969   1.400000E-4
       15505.      0.874561   1.400000E-4
       15510.     0.8746799   1.400000E-4
       15515.     0.8745574   1.400000E-4
       15520.     0.8745077   1.400000E-4
       15525.     0.8743641   1.400000E-4
       15530.     0.8744271   1.400000E-4
       15535.     0.8746814   1.400000E-4
       15540.     0.8744878   1.400000E-4
       15545.     0.8746321   1.400000E-4
       15550.     0.8748826   1.400000E-4
       15555.     0.8752509   1.400000E-4
       15560.     0.8756651   1.400000E-4
       15565.     0.8757588   1.400000E-4
       15570.      0.875958   1.400000E-4
       15575.     0.8764977   1.400000E-4
       15580.     0.8769948   1.400000E-4
       15585.     0.8773498   1.400000E-4
       15590.     0.8780034   1.400000E-4
       15595.     0.8782951   1.400000E-4
       15600.     0.8790294   1.400000E-4
       15605.      0.879506   1.400000E-4
       15610.     0.8802866   1.400000E-4
       15615.     0.8810966   1.400000E-4
       15620.     0.8817708   1.400000E-4
       15625.     0.8824146   1.400000E-4
       15630.     0.8832428   1.400000E-4
       15635.     0.8839611   1.400000E-4
       15640.     0.8848966   1.400000E-4
       15645.     0.8856028   1.400000E-4
       15650.     0.8865196   1.400000E-4
       15655.     0.8875342   1.400000E-4
       15660.     0.8882746   1.400000E-4
       15665.     0.8891371   1.400000E-4
       15670.     0.8899242   1.400000E-4
       15675.     0.8911844   1.400000E-4
       15680.     0.8919796   1.400000E-4
       15685.     0.8930197   1.400000E-4
       15690.     0.8940581   1.400000E-4
       15695.     0.8946643   1.400000E-4
       15700.     0.8956761   1.400000E-4
       15705.     0.8965273   1.400000E-4
       15710.     0.8973001   1.400000E-4
       15715.     0.8981881   1.400000E-4
       15720.     0.8990454   1.400000E-4
       15725.     0.8998871   1.400000E-4
       15730.     0.9006834   1.400000E-4
       15735.     0.9014655   1.400000E-4
       15740.     0.9024267   1.400000E-4
       15745.     0.9029098   1.400000E-4
       15750.     0.9037921   1.400000E-4
       15755.     0.9045092   1.400000E-4
       15760.     0.9049139   1.400000E-4
       15765.     0.9054659   1.400000E-4
       15770.      0.906113   1.400000E-4
       15775.      0.906716   1.400000E-4
       15780.     0.9073077   1.400000E-4
       15785.     0.9075718   1.400000E-4
       15790.     0.9080563   1.400000E-4
       15795.     0.9084461   1.400000E-4
       15800.     0.9085931   1.400000E-4
       15805.     0.9086875   1.400000E-4
       15810.      0.908845   1.400000E-4
       15815.     0.9091367   1.400000E-4
       15820.     0.9090703   1.400000E-4
       15825.     0.9088321   1.400000E-4
       15830.     0.9093533   1.400000E-4
       15835.     0.9089397   1.400000E-4
       15840.     0.9085035   1.400000E-4
       15845.     0.9082263   1.400000E-4
       15850.     0.9080417   1.400000E-4
       15855.     0.9075722   1.400000E-4
       15860.     0.9072307   1.400000E-4
       15865.     0.9066859   1.400000E-4
       15870.     0.9061629   1.400000E-4
       15875.     0.9054866   1.400000E-4
       15880.      0.905158   1.400000E-4
       15885.     0.9041807   1.400000E-4
       15890.     0.9035153   1.400000E-4
       15895.     0.9026228   1.400000E-4
       15900.     0.9016971   1.400000E-4
       15905.     0.9007776   1.400000E-4
       15910.     0.8997043   1.400000E-4
       15915.     0.8992158   1.400000E-4
       15920.     0.8981025   1.400000E-4
       15925.     0.8970998   1.400000E-4
       15930.     0.8958177   1.400000E-4
       15935.     0.8948126   1.400000E-4
       15940.      0.893591   1.400000E-4
       15945.     0.8925461   1.400000E-4
       15950.       0.89162   1.400000E-4
       15955.     0.8900994   1.400000E-4
       15960.      0.888803   1.400000E-4
       15965.     0.8875321   1.400000E-4
       15970.     0.8863073   1.400000E-4
       15975.     0.8852367   1.400000E-4
       15980.     0.8839433   1.400000E-4
       15985.     0.8825539   1.400000E-4
       15990.     0.8815138   1.400000E-4
       15995.     0.8799365   1.400000E-4
       16000.      0.878806   1.400000E-4
       16005.      0.877827   1.400000E-4
       16010.     0.8765168   1.400000E-4
       16015.     0.8752962   1.400000E-4
       16020.     0.8740363   1.400000E-4
       16025.     0.8728269   1.400000E-4
       16030.     0.8716099   1.400000E-4
       16035.     0.8704415   1.400000E-4
       16040.     0.8694022   1.400000E-4
       16045.     0.8682051   1.400000E-4
       16050.     0.8672461   1.400000E-4
       16055.     0.8662552   1.400000E-4
       16060.     0.8652738   1.400000E-4
       16065.     0.8643788   1.400000E-4
       16070.     0.8633406   1.400000E-4
       16075.     0.8625922   1.400000E-4
       16080.     0.8618594   1.400000E-4
       16085.      0.861208   1.400000E-4
       16090.     0.8602343   1.400000E-4
       16095.     0.8596119   1.400000E-4
       16100.     0.8588434   1.400000E-4
       16105.     0.8583274   1.400000E-4
       16110.     0.8579345   1.400000E-4
       16115.     0.8574571   1.400000E-4
       16120.     0.8565742   1.400000E-4
       16125.     0.8563957   1.400000E-4
       16130.     0.8560891   1.400000E-4
       16135.     0.8557836   1.400000E-4
       16140.     0.8557708   1.400000E-4
       16145.     0.8552511   1.400000E-4
       16150.     0.8553488   1.400000E-4
       16155.     0.8550907   1.400000E-4
       16160.     0.8554291   1.400000E-4
       16165.     0.8551611   1.400000E-4
       16170.     0.8551832   1.400000E-4
       16175.     0.8550853   1.400000E-4
       16180.     0.8553317   1.400000E-4
       16185.     0.8556176   1.400000E-4
       16190.     0.8558872   1.400000E-4
       16195.     0.8560775   1.400000E-4
       16200.     0.8566517   1.400000E-4
       16205.     0.8570189   1.400000E-4
       16210.     0.8574506   1.400000E-4
       16215.     0.8577872   1.400000E-4
       16220.     0.8584351   1.400000E-4
       16225.     0.8590256   1.400000E-4
       16230.     0.8594308   1.400000E-4
       16235.      0.860166   1.400000E-4
       16240.     0.8608123   1.400000E-4
       16245.     0.8612986   1.400000E-4
       16250.     0.8622041   1.400000E-4
       16255.     0.8629884   1.400000E-4
       16260.     0.8637686   1.400000E-4
       16265.     0.8645743   1.400000E-4
       16270.     0.8654473   1.400000E-4
       16275.      0.866407   1.400000E-4
       16280.     0.8670715   1.400000E-4
       16285.      0.867965   1.400000E-4
       16290.     0.8690088   1.400000E-4
       16295.      0.869858   1.400000E-4
       16300.     0.8707563   1.400000E-4
       16305.     0.8719665   1.400000E-4
       16310.     0.8727036   1.400000E-4
       16315.     0.8736933   1.400000E-4
       16320.     0.8745543   1.400000E-4
       16325.     0.8756978   1.400000E-4
       16330.      0.876681   1.400000E-4
       16335.      0.877828   1.400000E-4
       16340.     0.8786218   1.400000E-4
       16345.      0.879736   1.400000E-4
       16350.     0.8804672   1.400000E-4
       16355.     0.8814659   1.400000E-4
       16360.      0.882641   1.400000E-4
       16365.     0.8833371   1.400000E-4
       16370.      0.884315   1.400000E-4
       16375.     0.8853392   1.400000E-4
       16380.     0.8858951   1.400000E-4
       16385.     0.8867005   1.400000E-4
       16390.     0.8880483   1.400000E-4
       16395.     0.8886968   1.400000E-4
       16400.     0.8897844   1.400000E-4
       16405.     0.8906065   1.400000E-4
       16410.     0.8911504   1.400000E-4
       16415.     0.8920866   1.400000E-4
       16420.     0.8930067   1.400000E-4
       16425.     0.8935213   1.400000E-4
       16430.     0.8941713   1.400000E-4
       16435.     0.8950153   1.400000E-4
       16440.     0.8954557   1.400000E-4
       16445.     0.8963852   1.400000E-4
       16450.     0.8968367   1.400000E-4
       16455.     0.8975157   1.400000E-4
       16460.     0.8982545   1.400000E-4
       16465.     0.8987436   1.400000E-4
       16470.     0.8991657   1.400000E-4
       16475.     0.8996931   1.400000E-4
       16480.     0.9003106   1.400000E-4
       16485.     0.9006546   1.400000E-4
       16490.      0.900906   1.400000E-4
       16495.     0.9014997   1.400000E-4
       16500.     0.9017497   1.400000E-4
       16505.     0.9020346   1.400000E-4
       16510.      0.902521   1.400000E-4
       16515.     0.9027761   1.400000E-4
       16520.     0.9030215   1.400000E-4
       16525.     0.9032677   1.400000E-4
       16530.     0.9035147   1.400000E-4
       16535.     0.9040564   1.400000E-4
       16540.     0.9040488   1.400000E-4
       16545.     0.9044718   1.400000E-4
       16550.     0.9043694   1.400000E-4
       16555.     0.9045873   1.400000E-4
       16560.      0.904918   1.400000E-4
       16565.       0.90475   1.400000E-4
       16570.     0.9051025   1.400000E-4
       16575.     0.9052063   1.400000E-4
       16580.     0.9052637   1.400000E-4
       16585.     0.9049808   1.400000E-4
       16590.     0.9049982   1.400000E-4
       16595.     0.9052778   1.400000E-4
       16600.     0.9051049   1.400000E-4
       16605.     0.9049946   1.400000E-4
       16610.     0.9053938   1.400000E-4
       16615.     0.9052513   1.400000E-4
       16620.     0.9052376   1.400000E-4
       16625.     0.9050903   1.400000E-4
       16630.     0.9051161   1.400000E-4
       16635.     0.9049953   1.400000E-4
       16640.     0.9048911   1.400000E-4
       16645.     0.9052084   1.400000E-4
       16650.     0.9049855   1.400000E-4
       16655.     0.9048001   1.400000E-4
       16660.     0.9044754   1.400000E-4
       16665.     0.9046333   1.400000E-4
       16670.     0.9047431   1.400000E-4
       16675.     0.9044361   1.400000E-4
       16680.     0.9043171   1.400000E-4
       16685.     0.9039977   1.400000E-4
       16690.     0.9040369   1.400000E-4
       16695.     0.9038691   1.400000E-4
       16700.     0.9036215   1.400000E-4
       16705.     0.9034446   1.400000E-4
       16710.     0.9033172   1.400000E-4
       16715.     0.9031998   1.400000E-4
       16720.     0.9029949   1.400000E-4
       16725.     0.9026105   1.400000E-4
       16730.     0.9024281   1.400000E-4
       16735.     0.9021667   1.400000E-4
       16740.     0.9018737   1.400000E-4
       16745.     0.9018174   1.400000E-4
       16750.      0.901682   1.400000E-4
       16755.     0.9008622   1.400000E-4
       16760.     0.9009716   1.400000E-4
       16765.     0.9006795   1.400000E-4
       16770.     0.9003782   1.400000E-4
       16775.     0.9002451   1.400000E-4
       16780.     0.8996697   1.400000E-4
       16785.     0.8993623   1.400000E-4
       16790.     0.8991389   1.400000E-4
       16795.     0.8989438   1.400000E-4
       16800.     0.8985427   1.400000E-4
       16805.     0.8978962   1.400000E-4
       16810.     0.8977535   1.400000E-4
       16815.     0.8972147   1.400000E-4
       16820.     0.8969063   1.400000E-4
       16825.     0.8960127   1.400000E-4
       16830.     0.8958853   1.400000E-4
       16835.     0.8953813   1.400000E-4
       16840.     0.8949866   1.400000E-4
       16845.      0.894449   1.400000E-4
       16850.     0.8941426   1.400000E-4
       16855.     0.8934046   1.400000E-4
       16860.     0.8929611   1.400000E-4
       16865.     0.8925467   1.400000E-4
       16870.     0.8920418   1.400000E-4
       16875.     0.8915082   1.400000E-4
       16880.     0.8909844   1.400000E-4
       16885.     0.8902909   1.400000E-4
       16890.     0.8896942   1.400000E-4
       16895.     0.8888303   1.400000E-4
       16900.     0.8880408   1.400000E-4
       16905.     0.8873279   1.400000E-4
       16910.     0.8867391   1.400000E-4
       16915.     0.8862936   1.400000E-4
       16920.     0.8854794   1.400000E-4
       16925.     0.8848184   1.400000E-4
       16930.        0.8841   1.400000E-4
       16935.      0.883182   1.400000E-4
       16940.      0.882192   1.400000E-4
       16945.     0.8814687   1.400000E-4
       16950.      0.880633   1.400000E-4
       16955.     0.8798629   1.400000E-4
       16960.     0.8788259   1.400000E-4
       16965.     0.8778342   1.400000E-4
       16970.     0.8769858   1.400000E-4
       16975.     0.8759167   1.400000E-4
       16980.     0.8749416   1.400000E-4
       16985.     0.8738713   1.400000E-4
       16990.     0.8727428   1.400000E-4
       16995.     0.8721855   1.400000E-4
       17000.     0.8706083   1.400000E-4
       17005.     0.8695558   1.400000E-4
       17010.     0.8685437   1.400000E-4
       17015.     0.8675205   1.400000E-4
       17020.     0.8660355   1.400000E-4
       17025.     0.8651081   1.400000E-4
       17030.     0.8635172   1.400000E-4
       17035.     0.8621011   1.400000E-4
       17040.     0.8608833   1.400000E-4
       17045.     0.8595862   1.400000E-4
       17050.     0.8582286   1.400000E-4
       17055.     0.8569108   1.400000E-4
       17060.        0.8555   1.400000E-4
       17065.     0.8539178   1.400000E-4
       17070.     0.8525714   1.400000E-4
       17075.     0.8510066   1.400000E-4
       17080.     0.8490385   1.400000E-4
       17085.     0.8475919   1.400000E-4
       17090.     0.8460491   1.400000E-4
       17095.     0.8442299   1.400000E-4
       17100.     0.8425745   1.400000E-4
       17105.      0.840836   1.400000E-4
       17110.     0.8391439   1.400000E-4
       17115.     0.8373082   1.400000E-4
       17120.     0.8356494   1.400000E-4
       17125.     0.8335831   1.400000E-4
       17130.     0.8317806   1.400000E-4
       17135.     0.8297048   1.400000E-4
       17140.     0.8279252   1.400000E-4
       17145.     0.8261445   1.400000E-4
       17150.     0.8235419   1.400000E-4
       17155.     0.8219383   1.400000E-4
       17160.     0.8200762   1.400000E-4
       17165.     0.8177071   1.400000E-4
       17170.     0.8157539   1.400000E-4
       17175.      0.813684   1.400000E-4
       17180.     0.8115105   1.400000E-4
       17185.     0.8095773   1.400000E-4
       17190.      0.807381   1.400000E-4
       17195.     0.8052877   1.400000E-4
       17200.     0.8030458   1.400000E-4
       17205.     0.8008528   1.400000E-4
       17210.     0.7986064   1.400000E-4
       17215.     0.7967695   1.400000E-4
       17220.      0.794441   1.400000E-4
       17225.     0.7925004   1.400000E-4
       17230.     0.7899747   1.400000E-4
       17235.     0.7878557   1.400000E-4
       17240.      0.786011   1.400000E-4
       17245.     0.7838711   1.400000E-4
       17250.     0.7814597   1.400000E-4
       17255.     0.7797043   1.400000E-4
       17260.     0.7776243   1.400000E-4
       17265.     0.7753917   1.400000E-4
       17270.     0.7734058   1.400000E-4
       17275.     0.7716436   1.400000E-4
       17280.      0.769685   1.400000E-4
       17285.     0.7676442   1.400000E-4
       17290.     0.7655777   1.400000E-4
       17295.     0.7637447   1.400000E-4
       17300.     0.7620351   1.400000E-4
       17305.     0.7602568   1.400000E-4
       17310.     0.7587489   1.400000E-4
       17315.     0.7571028   1.400000E-4
       17320.     0.7555279   1.400000E-4
       17325.     0.7537285   1.400000E-4
       17330.      0.752477   1.400000E-4
       17335.     0.7509663   1.400000E-4
       17340.      0.749642   1.400000E-4
       17345.     0.7484366   1.400000E-4
       17350.     0.7472057   1.400000E-4
       17355.     0.7458543   1.400000E-4
       17360.     0.7448424   1.400000E-4
       17365.     0.7441821   1.400000E-4
       17370.     0.7433517   1.400000E-4
       17375.     0.7423536   1.400000E-4
       17380.     0.7418522   1.400000E-4
       17385.      0.740944   1.400000E-4
       17390.      0.740424   1.400000E-4
       17395.      0.740009   1.400000E-4
       17400.     0.7401698   1.400000E-4
       17405.     0.7394324   1.400000E-4
       17410.     0.7394947   1.400000E-4
       17415.     0.7393769   1.400000E-4
       17420.     0.7394355   1.400000E-4
       17425.     0.7394967   1.400000E-4
       17430.     0.7399977   1.400000E-4
       17435.     0.7402402   1.400000E-4
       17440.     0.7408571   1.400000E-4
       17445.     0.7415255   1.400000E-4
       17450.     0.7422365   1.400000E-4
       17455.     0.7429516   1.400000E-4
       17460.      0.743988   1.400000E-4
       17465.     0.7449518   1.400000E-4
       17470.     0.7459273   1.400000E-4
       17475.     0.7473889   1.400000E-4
       17480.     0.7487529   1.400000E-4
       17485.     0.7504396   1.400000E-4
       17490.     0.7518585   1.400000E-4
       17495.     0.7535164   1.400000E-4
       17500.     0.7549354   1.400000E-4
       17505.     0.7576286   1.400000E-4
       17510.     0.7596089   1.400000E-4
       17515.     0.7621233   1.400000E-4
       17520.     0.7639654   1.400000E-4
       17525.     0.7662171   1.400000E-4
       17530.     0.7687938   1.400000E-4
       17535.     0.7712197   1.400000E-4
       17540.     0.7739787   1.400000E-4
       17545.     0.7769279   1.400000E-4
       17550.     0.7796273   1.400000E-4
       17555.     0.7825193   1.400000E-4
       17560.     0.7852679   1.400000E-4
       17565.     0.7883658   1.400000E-4
       17570.     0.7914926   1.400000E-4
       17575.     0.7949048   1.400000E-4
       17580.     0.7981305   1.400000E-4
       17585.     0.8015658   1.400000E-4
       17590.     0.8044878   1.400000E-4
       17595.     0.8077676   1.400000E-4
       17600.     0.8115645   1.400000E-4
       17605.     0.8149081   1.400000E-4
       17610.     0.8183928   1.400000E-4
       17615.      0.821534   1.400000E-4
       17620.      0.824808   1.400000E-4
       17625.     0.8282368   1.400000E-4
       17630.     0.8314652   1.400000E-4
       17635.     0.8348123   1.400000E-4
       17640.     0.8381591   1.400000E-4
       17645.      0.840969   1.400000E-4
       17650.     0.8436766   1.400000E-4
       17655.     0.8474874   1.400000E-4
       17660.     0.8498061   1.400000E-4
       17665.     0.8527806   1.400000E-4
       17670.      0.855127   1.400000E-4
       17675.     0.8578398   1.400000E-4
       17680.     0.8598561   1.400000E-4
       17685.      0.861999   1.400000E-4
       17690.     0.8637066   1.400000E-4
       17695.     0.8655629   1.400000E-4
       17700.     0.8672227   1.400000E-4
       17705.     0.8683327   1.400000E-4
       17710.     0.8691002   1.400000E-4
       17715.     0.8701469   1.400000E-4
       17720.     0.8703296   1.400000E-4
       17725.     0.8705791   1.400000E-4
       17730.     0.8702335   1.400000E-4
       17735.     0.8699192   1.400000E-4
       17740.     0.8690214   1.400000E-4
       17745.     0.8679325   1.400000E-4
       17750.     0.8662961   1.400000E-4
       17755.      0.864447   1.400000E-4
       17760.     0.8622429   1.400000E-4
       17765.     0.8592988   1.400000E-4
       17770.     0.8562337   1.400000E-4
       17775.     0.8528574   1.400000E-4
       17780.     0.8494195   1.400000E-4
       17785.     0.8448563   1.400000E-4
       17790.     0.8403586   1.400000E-4
       17795.     0.8347016   1.400000E-4
       17800.     0.8291928   1.400000E-4
       17805.     0.8233058   1.400000E-4
       17810.     0.8167289   1.400000E-4
       17815.     0.8100756   1.400000E-4
       17820.     0.8026664   1.400000E-4
       17825.     0.7944518   1.400000E-4
       17830.     0.7860278   1.400000E-4
       17835.     0.7775723   1.400000E-4
       17840.     0.7688955   1.400000E-4
       17845.     0.7594794   1.400000E-4
       17850.     0.7492926   1.400000E-4
       17855.     0.7384145   1.400000E-4
       17860.     0.7277409   1.400000E-4
       17865.     0.7167162   1.400000E-4
       17870.     0.7054998   1.400000E-4
       17875.     0.6935894   1.400000E-4
       17880.      0.681929   1.400000E-4
       17885.     0.6687135   1.400000E-4
       17890.     0.6558691   1.400000E-4
       17895.     0.6426965   1.400000E-4
       17900.     0.6298137   1.400000E-4
       17905.     0.6167548   1.400000E-4
       17910.     0.6024566   1.400000E-4
       17915.     0.5884757   1.400000E-4
       17920.     0.5736325   1.400000E-4
       17925.     0.5591146   1.400000E-4
       17930.     0.5450039   1.400000E-4
       17935.     0.5307898   1.400000E-4
       17940.     0.5160463   1.400000E-4
       17945.     0.5013121   1.400000E-4
       17950.     0.4863664   1.400000E-4
       17955.     0.4709933   1.400000E-4
       17960.     0.4565504   1.400000E-4
       17965.     0.4421051   1.400000E-4
       17970.     0.4278443   1.400000E-4
       17975.     0.4135175   1.400000E-4
       17980.     0.3995137   1.400000E-4
       17985.     0.3848577   1.400000E-4
       17990.     0.3708195   1.400000E-4
       17995.     0.3571442   1.400000E-4
       18000.     0.3439816   1.400000E-4
       18005.     0.3310685   1.400000E-4
       18010.     0.3179666   1.400000E-4
       18015.     0.3046547   1.400000E-4
       18020.     0.2918349   1.400000E-4
       18025.     0.2802849   1.400000E-4
       18030.     0.2686473   1.400000E-4
       18035.     0.2579912   1.400000E-4
       18040.     0.2472372   1.400000E-4
       18045.     0.2363289   1.400000E-4
       18050.     0.2256768   1.400000E-4
       18055.     0.2159623   1.400000E-4
       18060.     0.2063439   1.400000E-4
       18065.     0.1970866   1.400000E-4
       18070.     0.1879203   1.400000E-4
       18075.     0.1794396   1.400000E-4
       18080.     0.1707168   1.400000E-4
       18085.     0.1633594   1.400000E-4
       18090.     0.1559114   1.400000E-4
       18095.     0.1489057   1.400000E-4
       18100.     0.1418347   1.400000E-4
       18105.     0.1354271   1.400000E-4
       18110.     0.1284347   1.400000E-4
       18115.     0.1222008   1.400000E-4
       18120.     0.1163165   1.400000E-4
       18125.      0.111231   1.400000E-4
       18130.     0.1063272   1.400000E-4
       18135.     0.1007761   1.400000E-4
       18140.    0.09619853   1.400000E-4
       18145.    0.09193991   1.400000E-4
       18150.    0.08748794   1.400000E-4
       18155.    0.08312874   1.400000E-4
       18160.    0.07873575   1.400000E-4
       18165.    0.07544878   1.400000E-4
       18170.    0.07210266   1.400000E-4
       18175.    0.06860914   1.400000E-4
       18180.    0.06535956   1.400000E-4
       18185.    0.06277833   1.400000E-4
       18190.    0.05979268   1.400000E-4
       18195.    0.05705671   1.400000E-4
       18200.    0.05441104   1.400000E-4
       18205.    0.05201516   1.400000E-4
       18210.    0.04888097   1.400000E-4
       18215.    0.04668428   1.400000E-4
       18220.    0.04490658   1.400000E-4
       18225.    0.04253711   1.400000E-4
       18230.    0.04123414   1.400000E-4
       18235.    0.03882675   1.400000E-4
       18240.    0.03744508   1.400000E-4
       18245.    0.03597178   1.400000E-4
       18250.    0.03410452   1.400000E-4
       18255.    0.03281938   1.400000E-4
       18260.    0.03040283   1.400000E-4
       18265.    0.02967076   1.400000E-4
       18270.    0.02857001   1.400000E-4
       18275.    0.02733518   1.400000E-4
       18280.    0.02637512   1.400000E-4
       18285.    0.02548301   1.400000E-4
       18290.    0.02441925   1.400000E-4
       18295.    0.02326623   1.400000E-4
       18300.    0.02236525   1.400000E-4
       18305.    0.02101972   1.400000E-4
       18310.    0.01996842   1.400000E-4
       18315.     0.0198414   1.400000E-4
       18320.    0.01857439   1.400000E-4
       18325.     0.0180586   1.400000E-4
       18330.    0.01724453   1.400000E-4
       18335.    0.01668306   1.400000E-4
       18340.    0.01565016   1.400000E-4
       18345.    0.01533046   1.400000E-4
       18350.    0.01489724   1.400000E-4
       18355.    0.01444429   1.400000E-4
       18360.    0.01391237   1.400000E-4
       18365.    0.01316822   1.400000E-4
       18370.     0.0125759   1.400000E-4
       18375.    0.01198764   1.400000E-4
       18380.    0.01149251   1.400000E-4
       18385.    0.01133634   1.400000E-4
       18390.    0.01066957   1.400000E-4
       18395.    0.01088132   1.400000E-4
       18400.   0.009881353   1.400000E-4
       18405.   0.009811617   1.400000E-4
       18410.   0.009135693   1.400000E-4
       18415.   0.008827503   1.400000E-4
       18420.   0.008374842   1.400000E-4
       18425.   0.008444671   1.400000E-4
       18430.   0.008221312   1.400000E-4
       18435.   0.007714864   1.400000E-4
       18440.   0.008046458   1.400000E-4
       18445.   0.008417211   1.400000E-4
       18450.   0.006872389   1.400000E-4
       18455.    0.00670612   1.400000E-4
       18460.   0.006691965   1.400000E-4
       18465.    0.00611182   1.400000E-4
       18470.   0.006341217   1.400000E-4
       18475.   0.006193539   1.400000E-4
       18480.   0.005740594   1.400000E-4
       18485.   0.005295482   1.400000E-4
       18490.   0.005497609   1.400000E-4
       18495.   0.004899157   1.400000E-4
       18500.   0.005315204   1.400000E-4
       18505.   0.004540104   1.400000E-4
       18510.   0.004895099   1.400000E-4
       18515.   0.004634184   1.400000E-4
       18520.   0.004793375   1.400000E-4
       18525.   0.004102541   1.400000E-4
       18530.   0.004406202   1.400000E-4
       18535.   0.004220873   1.400000E-4
       18540.   0.004896326   1.400000E-4
       18545.   0.003969583   1.400000E-4
       18550.   0.003395476   1.400000E-4
       18555.   0.003751415   1.400000E-4
       18560.   0.003724616   1.400000E-4
       18565.   0.003882391   1.400000E-4
       18570.   0.003483706   1.400000E-4
       18575.   0.003483423   1.400000E-4
       18580.   0.003143338   1.400000E-4
       18585.   0.003265161   1.400000E-4
       18590.   0.003063789   1.400000E-4
       18595.   0.002858832   1.400000E-4
       18600.   0.002784002   1.400000E-4
       18605.   0.002589047   1.400000E-4
       18610.   0.002643117   1.400000E-4
       18615.   0.002189985   1.400000E-4
       18620.    0.00278353   1.400000E-4
       18625.   0.002551207   1.400000E-4
       18630.   0.002023905   1.400000E-4
       18635.   0.003334423   1.400000E-4
       18640.    0.00249006   1.400000E-4
       18645.   0.002524031   1.400000E-4
       18650.    0.00289403   1.400000E-4
       18655.   0.002383901   1.400000E-4
       18660.    0.00206684   1.400000E-4
       18665.   0.002136575   1.400000E-4
       18670.   0.001912745   1.400000E-4
       18675.   0.001946055   1.400000E-4
       18680.   0.002057593   1.400000E-4
       18685.   0.002168564   1.400000E-4
       18690.    0.00200758   1.400000E-4
       18695.   0.001682593   1.400000E-4
       18700.   0.002077032   1.400000E-4
       18705.   0.001732983   1.400000E-4
       18710.   0.001275321   1.400000E-4
       18715.   0.001762519   1.400000E-4
       18720.   0.001699673   1.400000E-4
       18725.   0.001650226   1.400000E-4
       18730.    0.00163711   1.400000E-4
       18735.   0.001620974   1.400000E-4
       18740.   0.001904158   1.400000E-4
       18745.   0.001568696   1.400000E-4
       18750.   0.001460462   1.400000E-4
       18755.   0.001672685   1.400000E-4
       18760.   0.001798188   1.400000E-4
       18765.   0.001400163   1.400000E-4
       18770.    0.00180602   1.400000E-4
       18775.   0.001683348   1.400000E-4
       18780.   0.001768464   1.400000E-4
       18785.   9.241946E-4   1.400000E-4
       18790.   7.644375E-4   1.400000E-4
       18795.   0.001356662   1.400000E-4
       18800.   0.001612858   1.400000E-4
       18805.   0.001345999   1.400000E-4
       18810.   0.001243992   1.400000E-4
       18815.   0.001397144   1.400000E-4
       18820.   0.001188129   1.400000E-4
       18825.    0.00122578   1.400000E-4
       18830.   0.001294288   1.400000E-4
       18835.   0.001264846   1.400000E-4
       18840.   0.001233895   1.400000E-4
       18845.   9.406139E-4   1.400000E-4
       18850.   7.797244E-4   1.400000E-4
       18855.   0.001201623   1.400000E-4
       18860.   0.001094237   1.400000E-4
       18865.   0.001267205   1.400000E-4
       18870.   0.001076403   1.400000E-4
       18875.   9.595809E-4   1.400000E-4
       18880.   9.196652E-4   1.400000E-4
       18885.   0.001025541   1.400000E-4
       18890.    0.00107763   1.400000E-4
       18895.   8.913563E-4   1.400000E-4
       18900.   0.001022427   1.400000E-4
       18905.   0.001127831   1.400000E-4
       18910.   6.530888E-4   1.400000E-4
       18915.   6.269501E-4   1.400000E-4
       18920.   7.551899E-4   1.400000E-4
       18925.   5.357951E-4   1.400000E-4
       18930.   9.746790E-4   1.400000E-4
       18935.   9.669412E-4   1.400000E-4
       18940.   9.346689E-4   1.400000E-4
       18945.   6.425200E-4   1.400000E-4
       18950.   8.963575E-4   1.400000E-4
       18955.   7.198036E-4   1.400000E-4
       18960.   0.001027994   1.400000E-4
       18965.   4.243520E-4   1.400000E-4
       18970.   9.300451E-4   1.400000E-4
       18975.   2.267551E-4   1.400000E-4
       18980.   8.744652E-4   1.400000E-4
       18985.   8.174697E-4   1.400000E-4
       18990.   6.468607E-4   1.400000E-4
       18995.   2.439292E-4   1.400000E-4
       19000.   8.380408E-4   1.400000E-4
       19005.   7.051773E-4   1.400000E-4
       19010.   4.048188E-4   1.400000E-4
       19015.   7.410354E-4   1.400000E-4
       19020.   8.569136E-4   1.400000E-4
       19025.   8.382297E-4   1.400000E-4
       19030.  -5.542903E-4   1.400000E-4
       19035.   0.001091123   1.400000E-4
       19040.   4.534159E-4   1.400000E-4
       19045.   2.212821E-4   1.400000E-4
       19050.   7.324483E-4   1.400000E-4
       19055.   6.699798E-4   1.400000E-4
       19060.   6.633744E-4   1.400000E-4
       19065.   5.872231E-4   1.400000E-4
       19070.   4.687971E-4   1.400000E-4
       19075.   3.942501E-4   1.400000E-4
       19080.   4.716280E-4   1.400000E-4
       19085.   7.667022E-4   1.400000E-4
       19090.   5.224898E-4   1.400000E-4
       19095.   4.486034E-4   1.400000E-4
       19100.   6.370470E-4   1.400000E-4
       19105.   7.789694E-4   1.400000E-4
       19110.   7.436775E-4   1.400000E-4
       19115.   5.394752E-4   1.400000E-4
       19120.   2.130724E-4   1.400000E-4
       19125.   2.153372E-4   1.400000E-4
       19130.  -9.209863E-5   1.400000E-4
       19135.   5.819388E-4   1.400000E-4
       19140.   6.704517E-4   1.400000E-4
       19145.   3.872672E-4   1.400000E-4
       19150.   4.683253E-4   1.400000E-4
       19155.   5.768432E-4   1.400000E-4
       19160.   5.414569E-4   1.400000E-4
       19165.   4.780447E-4   1.400000E-4
       19170.   3.076245E-4   1.400000E-4
       19175.  -1.958983E-4   1.400000E-4
       19180.   3.160228E-4   1.400000E-4
       19185.   5.975088E-4   1.400000E-4
       19190.   4.067060E-4   1.400000E-4
       19195.   6.652616E-5   1.400000E-4
       19200.   4.270885E-4   1.400000E-4
       19205.  -1.290891E-4   1.400000E-4
       19210.   3.698100E-4   1.400000E-4
       19215.   8.418155E-4   1.400000E-4
       19220.   3.502768E-4   1.400000E-4
       19225.   2.885631E-4   1.400000E-4
       19230.   5.208857E-4   1.400000E-4
       19235.   4.100088E-4   1.400000E-4
       19240.   2.627076E-4   1.400000E-4
       19245.   2.991318E-4   1.400000E-4
       19250.   8.634247E-5   1.400000E-4
       19255.   1.154064E-4   1.400000E-4
       19260.   5.292841E-4   1.400000E-4
       19265.   1.765538E-4   1.400000E-4
       19270.  -5.803346E-5   1.400000E-4
       19275.   0.001044602   1.400000E-4
       19280.   5.785417E-4   1.400000E-4
       19285.  -2.089204E-4   1.400000E-4
       19290.   2.666708E-4   1.400000E-4
       19295.   4.124622E-4   1.400000E-4
       19300.  -5.831655E-5   1.400000E-4
       19305.  -2.022207E-4   1.400000E-4
       19310.   2.025981E-4   1.400000E-4
       19315.  -5.765601E-5   1.400000E-4
       19320.   2.697848E-4   1.400000E-4
       19325.   1.255976E-4   1.400000E-4
       19330.   0.001188129   1.400000E-4
       19335.   9.295733E-4   1.400000E-4
       19340.   1.753271E-4   1.400000E-4
       19345.   3.210241E-4   1.400000E-4
       19350.   2.927151E-4   1.400000E-4
       19355.   1.180485E-4   1.400000E-4
       19360.   2.368520E-4   1.400000E-4
       19365.   2.076937E-4   1.400000E-4
       19370.   3.038500E-5   1.400000E-4
       19375.   4.191620E-4   1.400000E-4
       19380.   6.001509E-5   1.400000E-4
       19385.   1.204076E-4   1.400000E-4
       19390.   3.606567E-4   1.400000E-4
       19395.   2.692186E-4   1.400000E-4
       19400.   4.157649E-4   1.400000E-4
       19405.   4.503963E-4   1.400000E-4
       19410.   1.251258E-4   1.400000E-4
       19415.   1.747609E-4   1.400000E-4
       19420.  -4.068004E-4   1.400000E-4
       19425.   2.630850E-4   1.400000E-4
       19430.   6.145885E-4   1.400000E-4
       19435.  -2.639343E-4   1.400000E-4
       19440.   1.776862E-4   1.400000E-4
       19445.   2.373238E-4   1.400000E-4
       19450.   3.036613E-4   1.400000E-4
       19455.  -1.472068E-4   1.400000E-4
       19460.   4.130284E-4   1.400000E-4
       19465.   2.062783E-4   1.400000E-4
       19470.  -1.178598E-4   1.400000E-4
       19475.   8.917337E-5   1.400000E-4
       19480.   0.001062437   1.400000E-4
       19485.  -2.066557E-4   1.400000E-4
       19490.   2.830900E-7   1.400000E-4
       19495.   2.972446E-5   1.400000E-4
       19500.   1.851409E-4   1.400000E-4
       19505.  -8.804100E-5   1.400000E-4
       19510.   1.776862E-4   1.400000E-4
       19515.   2.670483E-4   1.400000E-4
       19520.   1.784411E-4   1.400000E-4
       19525.  -5.377767E-4   1.400000E-4
       19530.  -1.498490E-4   1.400000E-4
       19535.   1.806115E-4   1.400000E-4
       19540.   4.206718E-4   1.400000E-4
       19545.   3.071527E-4   1.400000E-4
       19550.   6.010945E-5   1.400000E-4
       19555.  -6.020382E-5   1.400000E-4
       19560.  -1.502265E-4   1.400000E-4
       19565.  -1.202189E-4   1.400000E-4
       19570.   2.413815E-4   1.400000E-4
       19575.   9.068318E-5   1.400000E-4
       19580.   3.616947E-4   1.400000E-4
       19585.   1.207851E-4   1.400000E-4
       19590.   1.211625E-4   1.400000E-4
       19595.   9.681680E-5   1.400000E-4
       19600.   4.547370E-4   1.400000E-4
       19605.   1.518306E-4   1.400000E-4
       19610.   2.738425E-4   1.400000E-4
       19615.   2.135443E-4   1.400000E-4
       19620.  -9.143808E-5   1.400000E-4
       19625.  -6.738487E-4   1.400000E-4
       19630.  -9.190990E-5   1.400000E-4
       19635.  -3.057373E-4   1.400000E-4
       19640.   1.583417E-4   1.400000E-4
       19645.  -3.029064E-5   1.400000E-4
       19650.   2.195835E-4   1.400000E-4
       19655.   9.190990E-5   1.400000E-4
       19660.  -1.840085E-4   1.400000E-4
       19665.  -4.905951E-4   1.400000E-4
       19670.   7.054604E-4   1.400000E-4
       19675.   5.534411E-4   1.400000E-4
       19680.   2.463827E-4   1.400000E-4
       19685.   1.233329E-4   1.400000E-4
       19690.  -1.233329E-4   1.400000E-4
       19695.   2.476095E-4   1.400000E-4
       19700.   1.865564E-4   1.400000E-4
       19705.   2.208102E-4   1.400000E-4
       19710.   1.239934E-4   1.400000E-4
       19715.  -4.683253E-4   1.400000E-4
       19720.   6.229868E-4   1.400000E-4
       19725.   6.624307E-5   1.400000E-4
       19730.  -8.118079E-4   1.400000E-4
       19735.  -1.877831E-4   1.400000E-4
       19740.  -3.755661E-4   1.400000E-4
       19745.   1.566432E-4   1.400000E-4
       19750.   9.436334E-8   1.400000E-4
       19755.   5.985467E-4   1.400000E-4
       19760.   1.886323E-4   1.400000E-4
       19765.   2.203384E-4   1.400000E-4
       19770.   2.206215E-4   1.400000E-4
       19775.  -2.349742E-9   1.400000E-4
       19780.   1.897647E-4   1.400000E-4
       19785.   1.900478E-4   1.400000E-4
       19790.  -2.539318E-4   1.400000E-4
       19795.  -2.857322E-4   1.400000E-4
       19800.  -3.198918E-5   1.400000E-4
       19805.  -3.188538E-4   1.400000E-4
       19810.  -9.568444E-5   1.400000E-4
       19815.  -1.593797E-4   1.400000E-4
       19820.   2.873364E-4   1.400000E-4
       19825.  -6.388398E-5   1.400000E-4
       19830.   3.208354E-5   1.400000E-4
       19835.  -1.281454E-4   1.400000E-4
       19840.  -3.214016E-4   1.400000E-4
       19845.  -4.820080E-4   1.400000E-4
       19850.  -3.216847E-4   1.400000E-4
       19855.   4.195394E-4   1.400000E-4
       19860.   6.770570E-4   1.400000E-4
       19865.   6.492199E-5   1.400000E-4
       19870.   1.623993E-4   1.400000E-4
       19875.   9.728861E-5   1.400000E-4
       19880.  -1.624937E-4   1.400000E-4
       19885.   3.246099E-5   1.400000E-4
       19890.  -4.882360E-4   1.400000E-4
       19895.   3.180045E-5   1.400000E-4
       19900.   6.454453E-5   1.400000E-4
       19905.   6.539380E-5   1.400000E-4
       19910.  -2.294917E-4   1.400000E-4
       19915.  -9.823225E-5   1.400000E-4
       19920.  -6.548817E-5   1.400000E-4
       19925.   2.628019E-4   1.400000E-4
       19930.  -1.415450E-6   1.400000E-4
       19935.   1.646640E-4   1.400000E-4
       19940.  -2.312846E-4   1.400000E-4
       19945.  -4.961625E-4   1.400000E-4
       19950.  -6.614871E-5   1.400000E-4
       19955.   3.340463E-5   1.400000E-4
       19960.   1.662682E-4   1.400000E-4
       19965.  -1.660795E-4   1.400000E-4
       19970.   6.671489E-5   1.400000E-4
       19975.  -2.668595E-4   1.400000E-4
       19980.  -2.672370E-4   1.400000E-4
       19985.   6.690362E-5   1.400000E-4
       19990.  -3.018683E-4   1.400000E-4
       19995.  -1.709864E-4   1.400000E-4
       20000.   9.228736E-5   1.400000E-4
       20005.  -6.171363E-5   1.400000E-4
       20010.   2.467601E-4   1.400000E-4
