19000 0.0000
19010 0.0000
19020 0.0000
19030 0.0000
19040 0.0001
19050 0.0000
19060 0.0000
19070 0.0000
19080 0.0003
19090 0.0002
19100 0.0002
19110 0.0000
19120 0.0000
19130 0.0001
19140 0.0000
19150 0.0001
19160 0.0001
19170 0.0001
19180 0.0010
19190 0.0005
19200 0.0000
19210 0.0000
19220 0.0008
19230 0.0012
19240 0.0001
19250 0.0012
19260 0.0017
19270 0.0003
19280 0.0006
19290 0.0008
19300 0.0007
19310 0.0003
19320 0.0009
19330 0.0007
19340 0.0003
19350 0.0012
19360 0.0006
19370 0.0008
19380 0.0009
19390 0.0008
19400 0.0020
19410 0.0030
19420 0.0071
19430 0.0126
19440 0.0082
19450 0.0091
19460 0.0171
19470 0.0177
19480 0.0172
19490 0.0185
19500 0.0229
19510 0.0254
19520 0.0295
19530 0.0141
19540 0.0148
19550 0.0145
19560 0.0107
19570 0.0094
19580 0.0095
19590 0.0074
19600 0.0126
19610 0.0122
19620 0.0122
19630 0.0110
19640 0.0114
19650 0.0176
19660 0.0169
19670 0.0261
19680 0.0264
19690 0.0303
19700 0.0414
19710 0.0376
19720 0.0357
19730 0.0526
19740 0.0485
19750 0.0610
19760 0.0639
19770 0.0757
19780 0.0812
19790 0.0832
19800 0.0593
19810 0.0907
19820 0.1125
19830 0.1107
19840 0.1311
19850 0.1293
19860 0.1384
19870 0.1075
19880 0.1565
19890 0.1724
19900 0.1447
19910 0.1766
19920 0.2049
19930 0.2179
19940 0.1976
19950 0.2156
19960 0.2055
19970 0.1980
19980 0.1734
19990 0.1720
20000 0.1438
20010 0.1034
20020 0.0764
20030 0.1163
20040 0.0784
20050 0.1056
20060 0.0926
20070 0.1177
20080 0.1840
20090 0.2424
20100 0.1677
20110 0.1734
20120 0.1352
20130 0.1525
20140 0.1396
20150 0.1336
20160 0.1751
20170 0.1627
20180 0.1805
20190 0.2119
20200 0.2223
20210 0.2443
20220 0.2713
20230 0.2809
20240 0.3007
20250 0.3156
20260 0.3481
20270 0.3467
20280 0.3316
20290 0.3478
20300 0.3717
20310 0.3726
20320 0.3839
20330 0.3724
20340 0.3806
20350 0.3886
20360 0.3902
20370 0.3905
20380 0.3792
20390 0.3912
20400 0.3606
20410 0.3792
20420 0.3773
20430 0.3819
20440 0.3737
20450 0.3823
20460 0.3913
20470 0.3779
20480 0.3531
20490 0.3383
20500 0.3188
20510 0.3265
20520 0.2793
20530 0.2925
20540 0.2420
20550 0.2700
20560 0.2732
20570 0.2743
20580 0.2880
20590 0.3101
20600 0.3700
20610 0.3505
20620 0.3002
20630 0.2940
20640 0.3021
20650 0.2911
20660 0.2841
20670 0.3050
20680 0.3054
20690 0.3303
20700 0.3333
20710 0.3279
20720 0.3357
20730 0.3629
20740 0.3641
20750 0.3643
20760 0.3763
20770 0.3784
20780 0.3765
20790 0.4094
20800 0.4169
20810 0.4149
20820 0.4095
20830 0.4006
20840 0.4017
20850 0.3910
20860 0.4048
20870 0.4111
20880 0.4136
20890 0.4134
20900 0.4114
20910 0.4209
20920 0.4229
20930 0.4192
20940 0.4112
20950 0.4293
20960 0.4310
20970 0.4300
20980 0.4229
20990 0.4047
21000 0.4265
21010 0.4220
21020 0.4090
21030 0.4336
21040 0.4338
21050 0.4317
21060 0.4346
21070 0.4335
21080 0.4333
21090 0.4307
21100 0.4249
21110 0.4308
21120 0.4179
21130 0.4353
21140 0.4376
21150 0.4357
21160 0.4344
21170 0.4361
21180 0.4295
21190 0.4164
21200 0.4274
21210 0.4349
21220 0.4389
21230 0.4387
21240 0.4288
21250 0.4251
21260 0.4395
21270 0.4308
21280 0.4164
21290 0.4387
21300 0.4386
21310 0.4380
21320 0.4380
21330 0.4367
21340 0.4366
21350 0.4339
21360 0.4279
21370 0.4346
21380 0.4341
21390 0.4325
21400 0.4323
21410 0.4323
21420 0.4316
21430 0.4295
21440 0.4305
21450 0.4296
21460 0.4292
21470 0.4280
21480 0.4254
21490 0.4252
21500 0.4218
21510 0.4127
21520 0.4030
21530 0.4104
21540 0.4170
21550 0.4175
21560 0.4226
21570 0.4236
21580 0.4207
21590 0.4116
21600 0.4171
21610 0.4114
21620 0.4182
21630 0.4068
21640 0.3989
21650 0.4197
21660 0.4163
21670 0.4097
21680 0.4100
21690 0.3993
21700 0.4162
21710 0.4178
21720 0.4113
21730 0.4066
21740 0.4002
21750 0.4090
21760 0.4015
21770 0.4110
21780 0.4089
21790 0.3925
21800 0.4079
21810 0.4138
21820 0.4123
21830 0.3804
21840 0.3856
21850 0.3790
21860 0.4105
21870 0.4017
21880 0.3909
21890 0.4059
21900 0.4028
21910 0.3989
21920 0.4098
21930 0.4097
21940 0.3928
21950 0.3917
21960 0.4053
21970 0.4019
21980 0.3788
21990 0.3768
22000 0.3511
22010 0.3758
22020 0.3835
22030 0.3904
22040 0.3950
22050 0.3756
22060 0.3938
22070 0.3996
22080 0.4042
22090 0.4085
22100 0.4050
22110 0.4040
22120 0.4094
22130 0.4102
22140 0.4065
22150 0.3993
22160 0.3883
22170 0.4021
22180 0.4079
22190 0.4105
22200 0.4107
22210 0.4001
22220 0.4003
22230 0.4114
22240 0.4117
22250 0.4067
22260 0.4066
22270 0.3967
22280 0.4099
22290 0.4158
22300 0.4177
22310 0.4119
22320 0.3964
22330 0.4065
22340 0.4102
22350 0.4162
22360 0.4106
22370 0.4100
22380 0.4073
22390 0.4201
22400 0.4138
22410 0.4123
22420 0.4128
22430 0.4166
22440 0.4055
22450 0.4219
22460 0.4084
22470 0.3872
22480 0.4150
22490 0.4195
22500 0.4140
22510 0.4119
22520 0.4123
22530 0.4126
22540 0.3983
22550 0.4039
22560 0.3986
22570 0.3908
22580 0.4063
22590 0.4166
22600 0.4041
22610 0.3900
22620 0.3852
22630 0.4104
22640 0.3913
22650 0.3957
22660 0.4202
22670 0.4210
22680 0.3909
22690 0.3832
22700 0.4043
22710 0.4089
22720 0.3958
22730 0.4072
22740 0.4162
22750 0.3880
22760 0.3707
22770 0.4021
22780 0.4146
22790 0.4224
22800 0.4077
22810 0.3879
22820 0.4030
22830 0.3769
22840 0.3879
22850 0.3903
22860 0.4087
22870 0.4086
22880 0.4044
22890 0.3809
22900 0.3598
22910 0.3923
22920 0.3840
22930 0.3768
22940 0.3732
22950 0.3593
22960 0.3512
22970 0.3711
22980 0.3434
22990 0.3354
23000 0.3282
23010 0.3301
23020 0.3318
23030 0.3226
23040 0.3004
23050 0.2975
23060 0.3028
23070 0.2845
23080 0.2883
23090 0.2807
23100 0.2749
23110 0.2730
23120 0.2574
23130 0.2526
23140 0.2433
23150 0.2281
23160 0.1846
23170 0.1486
23180 0.1440
23190 0.1576
23200 0.1593
23210 0.1540
23220 0.1412
23230 0.1341
23240 0.1350
23250 0.1292
23260 0.1184
23270 0.1153
23280 0.1018
23290 0.0970
23300 0.0953
23310 0.0846
23320 0.0776
23330 0.0767
23340 0.0703
23350 0.0643
23360 0.0616
23370 0.0598
23380 0.0527
23390 0.0475
23400 0.0403
23410 0.0389
23420 0.0393
23430 0.0384
23440 0.0360
23450 0.0331
23460 0.0316
23470 0.0288
23480 0.0273
23490 0.0251
23500 0.0220
23510 0.0200
23520 0.0172
23530 0.0203
23540 0.0197
23550 0.0175
23560 0.0152
23570 0.0154
23580 0.0131
23590 0.0124
23600 0.0140
23610 0.0132
23620 0.0119
23630 0.0121
23640 0.0103
23650 0.0105
23660 0.0103
23670 0.0088
23680 0.0083
23690 0.0080
23700 0.0064
23710 0.0043
23720 0.0055
23730 0.0061
23740 0.0062
23750 0.0059
23760 0.0048
23770 0.0041
23780 0.0038
23790 0.0041
23800 0.0037
23810 0.0037
23820 0.0038
23830 0.0028
23840 0.0025
23850 0.0031
23860 0.0027
23870 0.0028
23880 0.0026
23890 0.0028
23900 0.0027
23910 0.0024
23920 0.0020
23930 0.0024
23940 0.0021
23950 0.0020
23960 0.0018
23970 0.0012
23980 0.0013
23990 0.0014
24000 0.0011
24010 0.0010
24020 0.0010
24030 0.0009
24040 0.0006
24050 0.0006
24060 0.0005
24070 0.0004
24080 0.0004
24090 0.0004
24100 0.0003
24110 0.0004
24120 0.0003
24130 0.0003
24140 0.0002
24150 0.0002
24160 0.0001
24170 0.0001
24180 0.0001
24190 0.0000
24200 0.0000
