14430 0.0000
14440 0.0001
14450 0.0002
14460 0.0002
14470 0.0006
14480 0.0010
14490 0.0013
14500 0.0007
14510 0.0005
14520 0.0015
14530 0.0018
14540 0.0025
14550 0.0021
14560 0.0027
14570 0.0028
14580 0.0030
14590 0.0035
14600 0.0025
14610 0.0038
14620 0.0044
14630 0.0028
14640 0.0074
14650 0.0070
14660 0.0076
14670 0.0077
14680 0.0150
14690 0.0188
14700 0.0135
14710 0.0113
14720 0.0194
14730 0.0273
14740 0.0377
14750 0.0574
14760 0.0375
14770 0.0377
14780 0.0509
14790 0.0629
14800 0.0452
14810 0.0741
14820 0.0568
14830 0.1028
14840 0.0984
14850 0.1032
14860 0.1168
14870 0.0936
14880 0.1286
14890 0.1780
14900 0.1865
14910 0.2160
14920 0.2113
14930 0.2332
14940 0.2639
14950 0.2569
14960 0.2586
14970 0.3028
14980 0.2879
14990 0.3153
15000 0.3385
15010 0.3495
15020 0.3402
15030 0.3061
15040 0.2799
15050 0.3097
15060 0.3481
15070 0.3392
15080 0.3339
15090 0.2938
15100 0.3461
15110 0.3450
15120 0.3457
15130 0.3335
15140 0.3319
15150 0.3401
15160 0.3528
15170 0.3439
15180 0.3457
15190 0.3429
15200 0.3513
15210 0.3631
15220 0.3598
15230 0.3653
15240 0.3643
15250 0.3617
15260 0.3633
15270 0.3650
15280 0.3701
15290 0.3697
15300 0.3676
15310 0.3677
15320 0.3687
15330 0.3692
15340 0.3656
15350 0.3636
15360 0.3652
15370 0.3659
15380 0.3675
15390 0.3643
15400 0.3637
15410 0.3635
15420 0.3630
15430 0.3636
15440 0.3639
15450 0.3656
15460 0.3658
15470 0.3663
15480 0.3671
15490 0.3681
15500 0.3682
15510 0.3687
15520 0.3694
15530 0.3711
15540 0.3725
15550 0.3745
15560 0.3757
15570 0.3774
15580 0.3793
15590 0.3811
15600 0.3830
15610 0.3850
15620 0.3867
15630 0.3883
15640 0.3910
15650 0.3917
15660 0.3936
15670 0.3941
15680 0.3933
15690 0.3895
15700 0.3798
15710 0.3654
15720 0.3668
15730 0.3661
15740 0.3726
15750 0.3874
15760 0.3830
15770 0.3713
15780 0.3729
15790 0.3668
15800 0.3733
15810 0.3756
15820 0.3778
15830 0.3796
15840 0.3820
15850 0.3827
15860 0.3830
15870 0.3818
15880 0.3827
15890 0.3822
15900 0.3815
15910 0.3811
15920 0.3807
15930 0.3811
15940 0.3815
15950 0.3817
15960 0.3818
15970 0.3814
15980 0.3808
15990 0.3758
16000 0.3695
16010 0.3627
16020 0.3572
16030 0.3567
16040 0.3604
16050 0.3761
16060 0.3822
16070 0.3724
16080 0.3689
16090 0.3654
16100 0.3732
16110 0.3764
16120 0.3813
16130 0.3853
16140 0.3893
16150 0.3912
16160 0.3921
16170 0.3922
16180 0.3928
16190 0.3920
16200 0.3923
16210 0.3914
16220 0.3907
16230 0.3896
16240 0.3883
16250 0.3869
16260 0.3856
16270 0.3842
16280 0.3827
16290 0.3808
16300 0.3794
16310 0.3780
16320 0.3762
16330 0.3751
16340 0.3742
16350 0.3725
16360 0.3713
16370 0.3687
16380 0.3627
16390 0.3666
16400 0.3582
16410 0.3623
16420 0.3622
16430 0.3530
16440 0.3622
16450 0.3585
16460 0.3542
16470 0.3633
16480 0.3544
16490 0.3602
16500 0.3642
16510 0.3504
16520 0.3658
16530 0.3648
16540 0.3604
16550 0.3720
16560 0.3690
16570 0.3719
16580 0.3755
16590 0.3762
16600 0.3781
16610 0.3793
16620 0.3768
16630 0.3818
16640 0.3830
16650 0.3743
16660 0.3399
16670 0.3771
16680 0.3865
16690 0.3868
16700 0.3883
16710 0.3862
16720 0.3881
16730 0.3892
16740 0.3835
16750 0.3854
16760 0.3864
16770 0.3839
16780 0.3793
16790 0.3855
16800 0.3827
16810 0.3776
16820 0.3832
16830 0.3818
16840 0.3682
16850 0.3800
16860 0.3787
16870 0.3705
16880 0.3763
16890 0.3754
16900 0.3713
16910 0.3615
16920 0.3713
16930 0.3728
16940 0.3640
16950 0.3711
16960 0.3694
16970 0.3542
16980 0.3651
16990 0.3676
17000 0.3655
17010 0.3574
17020 0.3674
17030 0.3663
17040 0.3645
17050 0.3653
17060 0.3627
17070 0.3608
17080 0.3571
17090 0.3485
17100 0.3629
17110 0.3607
17120 0.3621
17130 0.3596
17140 0.3465
17150 0.3484
17160 0.3466
17170 0.3558
17180 0.3541
17190 0.3524
17200 0.3495
17210 0.3238
17220 0.3425
17230 0.3395
17240 0.3175
17250 0.3278
17260 0.3329
17270 0.3347
17280 0.3318
17290 0.3164
17300 0.3311
17310 0.3291
17320 0.2909
17330 0.3083
17340 0.3240
17350 0.3196
17360 0.2969
17370 0.3022
17380 0.3193
17390 0.3158
17400 0.3040
17410 0.2887
17420 0.3035
17430 0.3186
17440 0.3127
17450 0.2985
17460 0.3117
17470 0.2433
17480 0.3062
17490 0.3236
17500 0.3253
17510 0.3143
17520 0.2971
17530 0.3273
17540 0.3325
17550 0.2977
17560 0.3181
17570 0.2838
17580 0.3244
17590 0.3405
17600 0.3402
17610 0.3144
17620 0.3200
17630 0.3002
17640 0.3384
17650 0.3230
17660 0.2313
17670 0.3253
17680 0.3205
17690 0.3132
17700 0.2885
17710 0.2800
17720 0.2990
17730 0.2882
17740 0.2231
17750 0.2559
17760 0.2033
17770 0.2271
17780 0.1990
17790 0.1590
17800 0.1989
17810 0.1471
17820 0.1502
17830 0.1571
17840 0.1099
17850 0.0833
17860 0.0850
17870 0.0771
17880 0.0876
17890 0.0703
17900 0.0661
17910 0.0397
17920 0.0353
17930 0.0265
17940 0.0196
17950 0.0220
17960 0.0179
17970 0.0153
17980 0.0156
17990 0.0150
18000 0.0059
18010 0.0028
18020 0.0027
18030 0.0035
18040 0.0027
18050 0.0030
18060 0.0007
18070 0.0006
18080 0.0008
18090 0.0004
18100 0.0003
18110 0.0000
18120 0.0000
18130 0.0000
18140 0.0000
